Year,unitid,Institution_Name,Award_Level,Major,CIP_Classificaiton,cipcode,Total,T.M,T.F,T.AI,T.AI.M,T.AI.F,T.AS/PI,T.AS/PI.M,T.AS/PI.F,T.AA,T.AA.M,T.AA.F,T.H,T.H.M,T.H.F,T.C,T.C.M,T.C.F,T.AS,T.AS.M,T.AS.W,T.PI,T.PI.M,T.PI.W,T.MIX,T.MIX.M,T.MIX.M,T.UNK,T.UNK.M,T.UNK.W,T.NON,T.NON.M,T.NON.W2007-2008,228778,The University of Texas at Austin,Bachelor's degree,First major,Engineering.,'14',957,747,210,3,3,0,232,181,51,23,17,6,139,110,29,501,390,111,,,,,,,,,,1,0,1,58,46,122007-2008,209551,University of Oregon,Bachelor's degree,First major,Visual and performing arts.,'50',260,113,147,5,2,3,12,4,8,0,0,0,6,3,3,205,88,117,,,,,,,,,,20,10,10,12,6,62007-2008,199120,University of North Carolina at Chapel Hill,Bachelor's degree,First major,Visual and performing arts.,'50',105,33,72,1,1,0,4,1,3,4,0,4,2,0,2,86,25,61,,,,,,,,,,8,6,2,0,0,02007-2008,152080,University of Notre Dame,Bachelor's degree,First major,Psychology.,'42',123,33,90,2,1,1,5,1,4,7,2,5,14,2,12,92,27,65,,,,,,,,,,0,0,0,3,0,32007-2008,100858,Auburn University,Bachelor's degree,First major,History,'54',49,39,10,1,0,1,1,1,0,2,2,0,2,2,0,43,34,9,,,,,,,,,,0,0,0,0,0,02007-2008,159391,Louisiana State University and Agricultural & Mechanical College,Bachelor's degree,First major,Liberal arts and sciences- general studies and humanities.,'24',367,190,177,1,1,0,7,5,2,39,18,21,6,4,2,290,148,142,,,,,,,,,,18,10,8,6,4,22007-2008,134130,University of Florida,Bachelor's degree,First major,Family and consumer sciences/human sciences.,'19',159,29,130,0,0,0,7,0,7,52,8,44,14,2,12,84,19,65,,,,,,,,,,2,0,2,0,0,02007-2008,181464,University of Nebraska-Lincoln,Bachelor's degree,First major,Visual and performing arts.,'50',123,48,75,2,1,1,3,0,3,0,0,0,4,1,3,103,43,60,,,,,,,,,,10,3,7,1,0,12007-2008,100751,The University of Alabama,Bachelor's degree,First major,Social sciences.,'45',154,101,53,1,0,1,4,1,3,16,6,10,2,2,0,130,91,39,0,0,0,0,0,0,0,0,0,0,0,0,1,1,02007-2008,186380,Rutgers University-New Brunswick,Bachelor's degree,First major,Foreign languages- literatures- and linguistics.,'16',129,30,99,0,0,0,11,5,6,9,3,6,23,3,20,77,19,58,,,,,,,,,,8,0,8,1,0,12007-2008,135726,University of Miami,Bachelor's degree,First major,Legal professions and studies.,'22',27,14,13,0,0,0,2,1,1,2,2,0,7,2,5,16,9,7,,,,,,,,,,0,0,0,0,0,02007-2008,100751,The University of Alabama,Bachelor's degree,First major,Psychology.,'42',124,33,91,0,0,0,0,0,0,16,5,11,4,2,2,102,25,77,0,0,0,0,0,0,0,0,0,0,0,0,2,1,12007-2008,134130,University of Florida,Bachelor's degree,First major,Computer and information sciences and support services.,'11',27,25,2,0,0,0,4,4,0,4,4,0,1,1,0,18,16,2,,,,,,,,,,0,0,0,0,0,02007-2008,170976,University of Michigan-Ann Arbor,Bachelor's degree,First major,Computer and information sciences and support services.,'11',91,83,8,1,1,0,6,6,0,4,4,0,2,2,0,68,60,8,,,,,,,,,,3,3,0,7,7,02007-2008,170976,University of Michigan-Ann Arbor,Bachelor's degree,First major,Social sciences.,'45',1006,564,442,5,3,2,139,78,61,69,27,42,35,22,13,645,364,281,,,,,,,,,,51,32,19,62,38,242007-2008,204796,Ohio State University-Main Campus,Bachelor's degree,First major,Engineering.,'14',659,560,99,1,1,0,35,29,6,23,16,7,8,7,1,532,456,76,,,,,,,,,,18,14,4,42,37,52007-2008,228723,Texas A & M University-College Station,Bachelor's degree,First major,Communication- journalism- and related programs.,'09',23,11,12,0,0,0,0,0,0,0,0,0,1,0,1,22,11,11,,,,,,,,,,0,0,0,0,0,02007-2008,152080,University of Notre Dame,Bachelor's degree,First major,Social sciences.,'45',333,169,164,2,0,2,12,2,10,15,6,9,29,14,15,262,143,119,,,,,,,,,,0,0,0,13,4,92007-2008,170976,University of Michigan-Ann Arbor,Bachelor's degree,First major,Liberal arts and sciences- general studies and humanities.,'24',105,54,51,2,2,0,5,3,2,21,13,8,6,3,3,65,29,36,,,,,,,,,,3,3,0,3,1,22007-2008,186380,Rutgers University-New Brunswick,Bachelor's degree,First major,Area- ethnic- cultural- and gender studies.,'05',88,20,68,1,1,0,11,3,8,21,5,16,7,1,6,42,9,33,,,,,,,,,,5,1,4,1,0,12007-2008,147767,Northwestern University,Bachelor's degree,First major,Philosophy and religious studies.,'38',30,17,13,0,0,0,3,2,1,2,2,0,3,2,1,18,9,9,,,,,,,,,,4,2,2,0,0,02007-2008,217882,Clemson University,Bachelor's degree,First major,History,'54',69,37,32,3,3,0,1,1,0,2,1,1,1,1,0,56,28,28,,,,,,,,,,6,3,3,0,0,02007-2008,217882,Clemson University,Bachelor's degree,First major,English language and literature/letters.,'23',130,40,90,0,0,0,5,1,4,5,2,3,1,0,1,108,35,73,,,,,,,,,,11,2,9,0,0,02007-2008,155399,Kansas State University,Bachelor's degree,First major,Engineering technologies/technicians.,'15',97,87,10,0,0,0,1,0,1,2,2,0,0,0,0,88,80,8,,,,,,,,,,6,5,1,0,0,02007-2008,157289,University of Louisville,Bachelor's degree,First major,Biological and biomedical sciences.,'26',86,32,54,1,0,1,14,4,10,6,2,4,1,1,0,61,25,36,,,,,,,,,,1,0,1,2,0,22007-2008,122755,San Jose State University,Bachelor's degree,First major,Health professions and related clinical sciences.,'51',353,59,294,0,0,0,153,30,123,20,7,13,52,10,42,85,8,77,,,,,,,,,,34,3,31,9,1,82007-2008,131496,Georgetown University,Bachelor's degree,First major,Foreign languages- literatures- and linguistics.,'16',120,29,91,0,0,0,9,0,9,4,1,3,9,3,6,86,23,63,,,,,,,,,,8,1,7,4,1,32007-2008,147767,Northwestern University,Bachelor's degree,First major,Foreign languages- literatures- and linguistics.,'16',46,13,33,0,0,0,0,0,0,1,0,1,4,0,4,36,10,26,,,,,,,,,,5,3,2,0,0,02007-2008,134130,University of Florida,Bachelor's degree,First major,History,'54',272,156,116,1,1,0,9,3,6,7,2,5,36,17,19,217,131,86,,,,,,,,,,2,2,0,0,0,02007-2008,217882,Clemson University,Bachelor's degree,First major,Psychology.,'42',142,37,105,0,0,0,2,2,0,10,4,6,2,0,2,119,29,90,,,,,,,,,,8,1,7,1,1,02007-2008,152080,University of Notre Dame,Bachelor's degree,First major,Business- management- marketing- and related support services.,'52',512,309,203,4,2,2,20,11,9,15,13,2,53,25,28,387,243,144,,,,,,,,,,0,0,0,33,15,182007-2008,217882,Clemson University,Bachelor's degree,First major,Foreign languages- literatures- and linguistics.,'16',55,14,41,1,1,0,2,1,1,2,1,1,2,0,2,44,11,33,,,,,,,,,,3,0,3,1,0,12007-2008,243744,Stanford University,Bachelor's degree,First major,Communication- journalism- and related programs.,'09',41,17,24,0,0,0,5,1,4,6,3,3,9,3,6,19,8,11,,,,,,,,,,2,2,0,0,0,02007-2008,100751,The University of Alabama,Bachelor's degree,First major,Communication- journalism- and related programs.,'09',416,155,261,2,0,2,1,1,0,42,13,29,7,3,4,363,137,226,0,0,0,0,0,0,0,0,0,0,0,0,1,1,02007-2008,209542,Oregon State University,Bachelor's degree,First major,Business- management- marketing- and related support services.,'52',510,320,190,6,3,3,43,22,21,5,3,2,11,10,1,401,252,149,,,,,,,,,,32,22,10,12,8,42007-2008,135726,University of Miami,Bachelor's degree,First major,Communication- journalism- and related programs.,'09',185,31,154,1,0,1,5,2,3,16,2,14,42,4,38,99,20,79,,,,,,,,,,12,2,10,10,1,92007-2008,100751,The University of Alabama,Bachelor's degree,First major,English language and literature/letters.,'23',77,19,58,1,0,1,0,0,0,8,1,7,2,1,1,65,17,48,0,0,0,0,0,0,0,0,0,0,0,0,1,0,12007-2008,204796,Ohio State University-Main Campus,Bachelor's degree,First major,Architecture and related services.,'04',103,69,34,1,0,1,2,1,1,5,3,2,1,1,0,90,61,29,,,,,,,,,,3,2,1,1,1,02007-2008,123961,University of Southern California,Bachelor's degree,First major,Foreign languages- literatures- and linguistics.,'16',80,31,49,2,1,1,22,6,16,3,1,2,8,3,5,41,18,23,,,,,,,,,,2,2,0,2,0,22007-2008,122755,San Jose State University,Bachelor's degree,First major,Area- ethnic- cultural- and gender studies.,'05',3,1,2,0,0,0,0,0,0,1,0,1,1,0,1,0,0,0,,,,,,,,,,1,1,0,0,0,02007-2008,228778,The University of Texas at Austin,Bachelor's degree,First major,Communication- journalism- and related programs.,'09',1143,415,728,5,1,4,115,37,78,48,17,31,203,74,129,754,280,474,,,,,,,,,,2,1,1,16,5,112007-2008,139959,University of Georgia,Bachelor's degree,First major,Education.,'13',531,155,376,0,0,0,10,2,8,22,8,14,3,1,2,487,141,346,,,,,,,,,,9,3,6,0,0,02007-2008,230728,Utah State University,Bachelor's degree,First major,Precision production.,'48',0,0,0,0,0,0,0,0,0,0,0,0,0,0,0,0,0,0,0,0,0,0,0,0,0,0,0,0,0,0,0,0,02007-2008,123961,University of Southern California,Bachelor's degree,First major,Area- ethnic- cultural- and gender studies.,'05',32,8,24,0,0,0,4,1,3,4,1,3,11,2,9,12,4,8,,,,,,,,,,1,0,1,0,0,02007-2008,134130,University of Florida,Bachelor's degree,First major,Architecture and related services.,'04',117,71,46,0,0,0,14,7,7,4,3,1,21,15,6,71,43,28,,,,,,,,,,5,2,3,2,1,12007-2008,243744,Stanford University,Bachelor's degree,First major,Mathematics and statistics.,'27',48,41,7,0,0,0,8,8,0,1,1,0,2,1,1,26,20,6,,,,,,,,,,2,2,0,9,9,02007-2008,209542,Oregon State University,Bachelor's degree,First major,Foreign languages- literatures- and linguistics.,'16',43,10,33,0,0,0,0,0,0,0,0,0,5,1,4,36,9,27,,,,,,,,,,2,0,2,0,0,02007-2008,198419,Duke University,Bachelor's degree,First major,Physical sciences.,'40',56,27,29,0,0,0,9,4,5,6,0,6,3,1,2,27,14,13,,,,,,,,,,6,3,3,5,5,02007-2008,228246,Southern Methodist University,Bachelor's degree,First major,Physical sciences.,'40',21,9,12,1,0,1,2,1,1,1,0,1,2,0,2,15,8,7,,,,,,,,,,0,0,0,0,0,02007-2008,100858,Auburn University,Bachelor's degree,First major,Health professions and related clinical sciences.,'51',168,20,148,0,0,0,2,0,2,7,1,6,2,1,1,156,18,138,,,,,,,,,,1,0,1,0,0,02007-2008,157289,University of Louisville,Bachelor's degree,First major,Security and protective services.,'43',120,51,69,2,1,1,0,0,0,25,7,18,3,2,1,89,41,48,,,,,,,,,,1,0,1,0,0,02007-2008,230728,Utah State University,Bachelor's degree,First major,Engineering technologies/technicians.,'15',0,0,0,0,0,0,0,0,0,0,0,0,0,0,0,0,0,0,0,0,0,0,0,0,0,0,0,0,0,0,0,0,02007-2008,155399,Kansas State University,Bachelor's degree,First major,Philosophy and religious studies.,'38',8,5,3,0,0,0,0,0,0,0,0,0,1,1,0,5,3,2,,,,,,,,,,2,1,1,0,0,02007-2008,100858,Auburn University,Bachelor's degree,First major,Biological and biomedical sciences.,'26',238,99,139,0,0,0,1,1,0,18,3,15,5,4,1,212,91,121,,,,,,,,,,0,0,0,2,0,22007-2008,228723,Texas A & M University-College Station,Bachelor's degree,First major,Philosophy and religious studies.,'38',31,24,7,1,0,1,1,0,1,1,1,0,3,3,0,25,20,5,,,,,,,,,,0,0,0,0,0,02007-2008,139959,University of Georgia,Bachelor's degree,First major,Communication- journalism- and related programs.,'09',413,88,325,0,0,0,16,2,14,20,3,17,9,0,9,350,79,271,,,,,,,,,,15,4,11,3,0,32007-2008,217882,Clemson University,Bachelor's degree,First major,Science technologies/technicians.,'41',29,24,5,0,0,0,1,1,0,5,4,1,0,0,0,22,18,4,,,,,,,,,,1,1,0,0,0,02007-2008,134097,Florida State University,Bachelor's degree,First major,Public administration and social service professions.,'44',133,9,124,2,0,2,3,1,2,30,2,28,13,2,11,85,4,81,,,,,,,,,,0,0,0,0,0,02007-2008,139959,University of Georgia,Bachelor's degree,First major,Natural resources and conservation.,'03',65,50,15,1,1,0,1,1,0,0,0,0,1,1,0,59,44,15,,,,,,,,,,3,3,0,0,0,02007-2008,159391,Louisiana State University and Agricultural & Mechanical College,Bachelor's degree,First major,Visual and performing arts.,'50',130,53,77,0,0,0,1,0,1,6,4,2,4,4,0,111,41,70,,,,,,,,,,3,1,2,5,3,22007-2008,228723,Texas A & M University-College Station,Bachelor's degree,First major,English language and literature/letters.,'23',497,92,405,3,0,3,8,2,6,11,0,11,33,8,25,441,82,359,,,,,,,,,,1,0,1,0,0,02007-2008,134097,Florida State University,Bachelor's degree,First major,Liberal arts and sciences- general studies and humanities.,'24',67,24,43,0,0,0,1,0,1,3,1,2,4,2,2,58,20,38,,,,,,,,,,1,1,0,0,0,02007-2008,230728,Utah State University,Bachelor's degree,First major,Social sciences.,'45',169,110,59,1,0,1,3,1,2,2,2,0,5,4,1,138,89,49,0,0,0,0,0,0,0,0,0,8,6,2,12,8,42007-2008,207500,University of Oklahoma Norman Campus,Bachelor's degree,First major,Parks- recreation- leisure- and fitness studies.,'31',81,25,56,11,2,9,5,3,2,4,1,3,3,0,3,57,18,39,,,,,,,,,,0,0,0,1,1,02007-2008,209551,University of Oregon,Bachelor's degree,First major,Education.,'13',141,20,121,1,0,1,4,0,4,1,0,1,5,1,4,120,17,103,,,,,,,,,,8,1,7,2,1,12007-2008,152080,University of Notre Dame,Bachelor's degree,First major,Multi/interdisciplinary studies.,'30',44,22,22,1,1,0,7,2,5,0,0,0,3,1,2,32,17,15,,,,,,,,,,0,0,0,1,1,02007-2008,243744,Stanford University,Bachelor's degree,First major,Public administration and social service professions.,'44',14,7,7,1,0,1,3,2,1,1,0,1,3,1,2,6,4,2,,,,,,,,,,0,0,0,0,0,02007-2008,123961,University of Southern California,Bachelor's degree,First major,Engineering.,'14',384,302,82,2,2,0,102,78,24,9,5,4,47,39,8,161,126,35,,,,,,,,,,8,7,1,55,45,102007-2008,204796,Ohio State University-Main Campus,Bachelor's degree,First major,Engineering technologies/technicians.,'15',1,1,0,0,0,0,0,0,0,0,0,0,0,0,0,1,1,0,,,,,,,,,,0,0,0,0,0,02007-2008,122755,San Jose State University,Bachelor's degree,First major,Natural resources and conservation.,'03',33,17,16,1,0,1,8,6,2,1,0,1,2,1,1,15,8,7,,,,,,,,,,5,1,4,1,1,02007-2008,204796,Ohio State University-Main Campus,Bachelor's degree,First major,Computer and information sciences and support services.,'11',119,112,7,0,0,0,10,10,0,6,5,1,3,3,0,86,84,2,,,,,,,,,,4,2,2,10,8,22007-2008,170976,University of Michigan-Ann Arbor,Bachelor's degree,First major,Parks- recreation- leisure- and fitness studies.,'31',193,81,112,2,2,0,6,2,4,14,6,8,6,2,4,151,62,89,,,,,,,,,,13,7,6,1,0,12007-2008,134097,Florida State University,Bachelor's degree,First major,Communication- journalism- and related programs.,'09',280,68,212,1,0,1,5,2,3,23,4,19,39,11,28,207,51,156,,,,,,,,,,0,0,0,5,0,52007-2008,198419,Duke University,Bachelor's degree,First major,Area- ethnic- cultural- and gender studies.,'05',38,6,32,0,0,0,3,0,3,12,2,10,1,0,1,18,4,14,,,,,,,,,,2,0,2,2,0,22007-2008,198419,Duke University,Bachelor's degree,First major,Biological and biomedical sciences.,'26',137,53,84,0,0,0,46,14,32,9,1,8,11,4,7,63,29,34,,,,,,,,,,5,4,1,3,1,22007-2008,243744,Stanford University,Bachelor's degree,First major,Social sciences.,'45',411,229,182,10,6,4,72,40,32,43,25,18,53,25,28,173,95,78,,,,,,,,,,24,13,11,36,25,112007-2008,207388,Oklahoma State University-Main Campus,Bachelor's degree,First major,Education.,'13',296,83,213,37,8,29,1,1,0,11,6,5,7,1,6,239,66,173,,,,,,,,,,0,0,0,1,1,02007-2008,134097,Florida State University,Bachelor's degree,First major,Foreign languages- literatures- and linguistics.,'16',62,19,43,0,0,0,3,0,3,6,2,4,11,6,5,40,10,30,,,,,,,,,,1,1,0,1,0,12007-2008,228246,Southern Methodist University,Bachelor's degree,First major,Communication- journalism- and related programs.,'09',197,40,157,1,1,0,6,3,3,7,0,7,15,3,12,159,29,130,,,,,,,,,,1,1,0,8,3,52007-2008,228246,Southern Methodist University,Bachelor's degree,First major,Public administration and social service professions.,'44',7,6,1,0,0,0,0,0,0,0,0,0,0,0,0,7,6,1,,,,,,,,,,0,0,0,0,0,02007-2008,217882,Clemson University,Bachelor's degree,First major,Education.,'13',255,43,212,0,0,0,2,0,2,9,4,5,1,1,0,229,35,194,,,,,,,,,,14,3,11,0,0,02007-2008,209551,University of Oregon,Bachelor's degree,First major,Foreign languages- literatures- and linguistics.,'16',184,66,118,1,1,0,9,5,4,2,0,2,11,1,10,139,48,91,,,,,,,,,,11,7,4,11,4,72007-2008,134097,Florida State University,Bachelor's degree,First major,Social sciences.,'45',1321,726,595,12,5,7,31,14,17,184,91,93,125,71,54,939,534,405,,,,,,,,,,11,6,5,19,5,142007-2008,155399,Kansas State University,Bachelor's degree,First major,Public administration and social service professions.,'44',23,2,21,0,0,0,0,0,0,1,0,1,1,0,1,20,2,18,,,,,,,,,,1,0,1,0,0,02007-2008,134097,Florida State University,Bachelor's degree,First major,History,'54',97,61,36,1,0,1,0,0,0,4,2,2,14,7,7,76,50,26,,,,,,,,,,1,1,0,1,1,02007-2008,134130,University of Florida,Bachelor's degree,First major,Area- ethnic- cultural- and gender studies.,'05',17,2,15,0,0,0,2,0,2,6,0,6,0,0,0,9,2,7,,,,,,,,,,0,0,0,0,0,02007-2008,204796,Ohio State University-Main Campus,Bachelor's degree,First major,Biological and biomedical sciences.,'26',513,241,272,2,1,1,69,31,38,23,8,15,17,7,10,377,183,194,,,,,,,,,,7,3,4,18,8,102007-2008,243744,Stanford University,Bachelor's degree,First major,Biological and biomedical sciences.,'26',140,73,67,1,0,1,76,38,38,5,2,3,7,4,3,43,25,18,,,,,,,,,,5,2,3,3,2,12007-2008,221999,Vanderbilt University,Bachelor's degree,First major,Computer and information sciences and support services.,'11',17,16,1,0,0,0,0,0,0,0,0,0,0,0,0,16,16,0,,,,,,,,,,1,0,1,0,0,02007-2008,123961,University of Southern California,Bachelor's degree,First major,Public administration and social service professions.,'44',116,76,40,3,3,0,10,5,5,17,9,8,23,14,9,59,43,16,,,,,,,,,,2,0,2,2,2,02007-2008,159391,Louisiana State University and Agricultural & Mechanical College,Bachelor's degree,First major,Engineering.,'14',372,307,65,1,1,0,16,12,4,26,19,7,10,5,5,273,230,43,,,,,,,,,,15,14,1,31,26,52007-2008,181464,University of Nebraska-Lincoln,Bachelor's degree,First major,Parks- recreation- leisure- and fitness studies.,'31',0,0,0,0,0,0,0,0,0,0,0,0,0,0,0,0,0,0,,,,,,,,,,0,0,0,0,0,02007-2008,170976,University of Michigan-Ann Arbor,Bachelor's degree,First major,Philosophy and religious studies.,'38',50,40,10,1,1,0,5,3,2,1,1,0,5,5,0,36,30,6,,,,,,,,,,2,0,2,0,0,02007-2008,155399,Kansas State University,Bachelor's degree,First major,Communication- journalism- and related programs.,'09',156,59,97,0,0,0,4,1,3,2,0,2,5,1,4,140,54,86,,,,,,,,,,5,3,2,0,0,02007-2008,131496,Georgetown University,Bachelor's degree,First major,History,'54',54,30,24,1,0,1,0,0,0,1,0,1,2,0,2,44,26,18,,,,,,,,,,5,3,2,1,1,02007-2008,123961,University of Southern California,Bachelor's degree,First major,Multi/interdisciplinary studies.,'30',87,20,67,2,0,2,21,7,14,4,0,4,14,2,12,38,11,27,,,,,,,,,,2,0,2,6,0,62007-2008,100858,Auburn University,Bachelor's degree,First major,Agriculture- agriculture operations- and related sciences.,'01',184,107,77,1,1,0,0,0,0,2,2,0,1,1,0,177,102,75,,,,,,,,,,3,1,2,0,0,02007-2008,221999,Vanderbilt University,Bachelor's degree,First major,Foreign languages- literatures- and linguistics.,'16',60,22,38,0,0,0,2,0,2,0,0,0,4,1,3,45,16,29,,,,,,,,,,9,5,4,0,0,02007-2008,139959,University of Georgia,Bachelor's degree,First major,Agriculture- agriculture operations- and related sciences.,'01',217,128,89,0,0,0,4,2,2,5,1,4,2,2,0,201,120,81,,,,,,,,,,4,3,1,1,0,12007-2008,157289,University of Louisville,Bachelor's degree,First major,Philosophy and religious studies.,'38',24,16,8,1,0,1,1,1,0,1,1,0,0,0,0,21,14,7,,,,,,,,,,0,0,0,0,0,02007-2008,186380,Rutgers University-New Brunswick,Bachelor's degree,First major,Public administration and social service professions.,'44',32,0,32,0,0,0,3,0,3,3,0,3,1,0,1,23,0,23,,,,,,,,,,2,0,2,0,0,02007-2008,186380,Rutgers University-New Brunswick,Bachelor's degree,First major,Communication- journalism- and related programs.,'09',515,169,346,3,0,3,68,29,39,45,13,32,43,10,33,338,111,227,,,,,,,,,,16,5,11,2,1,12007-2008,230728,Utah State University,Bachelor's degree,First major,Philosophy and religious studies.,'38',5,4,1,0,0,0,0,0,0,0,0,0,0,0,0,5,4,1,0,0,0,0,0,0,0,0,0,0,0,0,0,0,02007-2008,199120,University of North Carolina at Chapel Hill,Bachelor's degree,First major,Biological and biomedical sciences.,'26',406,173,233,2,1,1,61,29,32,24,7,17,12,5,7,284,124,160,,,,,,,,,,16,4,12,7,3,42007-2008,230728,Utah State University,Bachelor's degree,First major,Engineering.,'14',219,198,21,0,0,0,3,3,0,0,0,0,2,2,0,208,187,21,0,0,0,0,0,0,0,0,0,1,1,0,5,5,02007-2008,243744,Stanford University,Bachelor's degree,First major,Multi/interdisciplinary studies.,'30',245,89,156,7,1,6,63,19,44,24,14,10,24,9,15,108,40,68,,,,,,,,,,11,5,6,8,1,72007-2008,100858,Auburn University,Bachelor's degree,First major,Education.,'13',339,80,259,3,1,2,1,0,1,19,11,8,2,0,2,309,66,243,,,,,,,,,,1,1,0,4,1,32007-2008,228778,The University of Texas at Austin,Bachelor's degree,First major,Visual and performing arts.,'50',327,110,217,2,1,1,36,9,27,6,3,3,49,23,26,223,72,151,,,,,,,,,,2,1,1,9,1,82007-2008,135726,University of Miami,Bachelor's degree,First major,Computer and information sciences and support services.,'11',22,17,5,0,0,0,0,0,0,1,0,1,6,5,1,9,7,2,,,,,,,,,,0,0,0,6,5,12007-2008,181464,University of Nebraska-Lincoln,Bachelor's degree,First major,Foreign languages- literatures- and linguistics.,'16',42,11,31,0,0,0,1,0,1,1,1,0,4,1,3,32,9,23,,,,,,,,,,4,0,4,0,0,02007-2008,228723,Texas A & M University-College Station,Bachelor's degree,First major,Engineering.,'14',1011,817,194,5,5,0,57,47,10,8,6,2,91,73,18,765,628,137,,,,,,,,,,2,2,0,83,56,272007-2008,134130,University of Florida,Bachelor's degree,First major,Foreign languages- literatures- and linguistics.,'16',188,71,117,1,0,1,12,4,8,25,11,14,25,9,16,123,47,76,,,,,,,,,,1,0,1,1,0,12007-2008,228723,Texas A & M University-College Station,Bachelor's degree,First major,Family and consumer sciences/human sciences.,'19',132,16,116,0,0,0,8,1,7,3,1,2,17,4,13,102,9,93,,,,,,,,,,0,0,0,2,1,12007-2008,159391,Louisiana State University and Agricultural & Mechanical College,Bachelor's degree,First major,Biological and biomedical sciences.,'26',382,188,194,2,1,1,33,19,14,37,12,25,15,8,7,267,139,128,,,,,,,,,,18,7,11,10,2,82007-2008,147767,Northwestern University,Bachelor's degree,First major,Public administration and social service professions.,'44',49,13,36,0,0,0,6,2,4,8,3,5,5,1,4,26,7,19,,,,,,,,,,4,0,4,0,0,02007-2008,181464,University of Nebraska-Lincoln,Bachelor's degree,First major,Communication- journalism- and related programs.,'09',239,80,159,0,0,0,4,1,3,8,2,6,6,1,5,210,71,139,,,,,,,,,,9,5,4,2,0,22007-2008,155399,Kansas State University,Bachelor's degree,First major,English language and literature/letters.,'23',40,14,26,0,0,0,0,0,0,3,0,3,1,1,0,33,12,21,,,,,,,,,,3,1,2,0,0,02007-2008,243744,Stanford University,Bachelor's degree,First major,English language and literature/letters.,'23',51,13,38,1,0,1,8,2,6,2,2,0,5,2,3,33,7,26,,,,,,,,,,2,0,2,0,0,02007-2008,100751,The University of Alabama,Bachelor's degree,First major,Natural resources and conservation.,'03',7,4,3,0,0,0,0,0,0,0,0,0,0,0,0,7,4,3,0,0,0,0,0,0,0,0,0,0,0,0,0,0,02007-2008,218663,University of South Carolina-Columbia,Bachelor's degree,First major,Physical sciences.,'40',66,37,29,0,0,0,8,3,5,4,0,4,0,0,0,45,29,16,,,,,,,,,,7,4,3,2,1,12007-2008,134130,University of Florida,Bachelor's degree,First major,Multi/interdisciplinary studies.,'30',213,92,121,1,1,0,45,16,29,20,7,13,13,7,6,132,60,72,,,,,,,,,,1,0,1,1,1,02007-2008,230728,Utah State University,Bachelor's degree,First major,Public administration and social service professions.,'44',41,8,33,0,0,0,0,0,0,0,0,0,2,1,1,38,7,31,0,0,0,0,0,0,0,0,0,1,0,1,0,0,02007-2008,170976,University of Michigan-Ann Arbor,Bachelor's degree,First major,Visual and performing arts.,'50',373,146,227,6,3,3,19,7,12,18,6,12,10,3,7,291,122,169,,,,,,,,,,18,5,13,11,0,112007-2008,122755,San Jose State University,Bachelor's degree,First major,Transportation and materials moving.,'49',27,21,6,0,0,0,6,4,2,2,2,0,1,1,0,13,10,3,,,,,,,,,,3,3,0,2,1,12007-2008,204796,Ohio State University-Main Campus,Bachelor's degree,First major,Social sciences.,'45',1317,762,555,8,4,4,65,39,26,130,52,78,40,22,18,1012,605,407,,,,,,,,,,32,19,13,30,21,92007-2008,230728,Utah State University,Bachelor's degree,First major,History,'54',71,37,34,0,0,0,0,0,0,0,0,0,1,1,0,70,36,34,0,0,0,0,0,0,0,0,0,0,0,0,0,0,02007-2008,155399,Kansas State University,Bachelor's degree,First major,Health professions and related clinical sciences.,'51',115,14,101,1,1,0,1,0,1,2,1,1,0,0,0,108,12,96,,,,,,,,,,1,0,1,2,0,22007-2008,134130,University of Florida,Bachelor's degree,First major,Communication- journalism- and related programs.,'09',693,176,517,1,0,1,31,9,22,47,11,36,82,19,63,515,133,382,,,,,,,,,,12,4,8,5,0,52007-2008,186380,Rutgers University-New Brunswick,Bachelor's degree,First major,Parks- recreation- leisure- and fitness studies.,'31',168,97,71,1,1,0,18,6,12,20,11,9,12,8,4,109,64,45,,,,,,,,,,7,6,1,1,1,02007-2008,170976,University of Michigan-Ann Arbor,Bachelor's degree,First major,Health professions and related clinical sciences.,'51',228,22,206,1,0,1,12,1,11,13,1,12,11,0,11,174,17,157,,,,,,,,,,15,1,14,2,2,02007-2008,134097,Florida State University,Bachelor's degree,First major,Psychology.,'42',371,91,280,1,0,1,15,5,10,47,10,37,42,18,24,262,58,204,,,,,,,,,,0,0,0,4,0,42007-2008,207500,University of Oklahoma Norman Campus,Bachelor's degree,First major,Public administration and social service professions.,'44',46,6,40,6,3,3,2,0,2,5,0,5,1,0,1,30,2,28,,,,,,,,,,0,0,0,2,1,12007-2008,100858,Auburn University,Bachelor's degree,First major,Architecture and related services.,'04',105,49,56,1,1,0,4,1,3,5,3,2,3,2,1,88,40,48,,,,,,,,,,2,2,0,2,0,22007-2008,152080,University of Notre Dame,Bachelor's degree,First major,Engineering.,'14',239,175,64,1,1,0,8,5,3,4,2,2,10,8,2,202,148,54,,,,,,,,,,0,0,0,14,11,32007-2008,243744,Stanford University,Bachelor's degree,First major,Psychology.,'42',72,13,59,1,0,1,9,0,9,9,2,7,15,3,12,31,6,25,,,,,,,,,,7,2,5,0,0,02007-2008,181464,University of Nebraska-Lincoln,Bachelor's degree,First major,Philosophy and religious studies.,'38',8,5,3,0,0,0,0,0,0,1,1,0,0,0,0,4,2,2,,,,,,,,,,3,2,1,0,0,02007-2008,217882,Clemson University,Bachelor's degree,First major,Biological and biomedical sciences.,'26',158,73,85,1,1,0,3,2,1,15,3,12,4,3,1,125,60,65,,,,,,,,,,10,4,6,0,0,02007-2008,147767,Northwestern University,Bachelor's degree,First major,Psychology.,'42',161,45,116,0,0,0,25,8,17,7,1,6,6,2,4,101,28,73,,,,,,,,,,12,4,8,10,2,82007-2008,207500,University of Oklahoma Norman Campus,Bachelor's degree,First major,Architecture and related services.,'04',62,35,27,4,2,2,3,0,3,2,1,1,3,1,2,44,31,13,,,,,,,,,,0,0,0,6,0,62007-2008,199120,University of North Carolina at Chapel Hill,Bachelor's degree,First major,Natural resources and conservation.,'03',42,17,25,0,0,0,1,1,0,0,0,0,2,1,1,38,15,23,,,,,,,,,,1,0,1,0,0,02007-2008,123961,University of Southern California,Bachelor's degree,First major,Education.,'13',15,1,14,0,0,0,1,0,1,1,0,1,3,1,2,10,0,10,,,,,,,,,,0,0,0,0,0,02007-2008,228246,Southern Methodist University,Bachelor's degree,First major,Business- management- marketing- and related support services.,'52',389,202,187,3,1,2,42,18,24,11,4,7,38,12,26,269,153,116,,,,,,,,,,0,0,0,26,14,122007-2008,204796,Ohio State University-Main Campus,Bachelor's degree,First major,Business- management- marketing- and related support services.,'52',1270,793,477,1,1,0,71,35,36,48,25,23,22,14,8,998,638,360,,,,,,,,,,22,11,11,108,69,392007-2008,123961,University of Southern California,Bachelor's degree,First major,Communication- journalism- and related programs.,'09',384,97,287,2,0,2,60,9,51,29,6,23,56,23,33,212,52,160,,,,,,,,,,10,3,7,15,4,112007-2008,199120,University of North Carolina at Chapel Hill,Bachelor's degree,First major,Social sciences.,'45',565,322,243,8,4,4,30,14,16,53,20,33,19,11,8,428,262,166,,,,,,,,,,22,9,13,5,2,32007-2008,228246,Southern Methodist University,Bachelor's degree,First major,Mathematics and statistics.,'27',40,24,16,0,0,0,4,3,1,4,2,2,3,1,2,28,17,11,,,,,,,,,,0,0,0,1,1,02007-2008,228723,Texas A & M University-College Station,Bachelor's degree,First major,Engineering technologies/technicians.,'15',289,269,20,1,1,0,3,3,0,3,3,0,30,25,5,249,234,15,,,,,,,,,,1,1,0,2,2,02007-2008,199120,University of North Carolina at Chapel Hill,Bachelor's degree,First major,Education.,'13',79,7,72,0,0,0,2,0,2,8,1,7,3,0,3,64,5,59,,,,,,,,,,2,1,1,0,0,02007-2008,135726,University of Miami,Bachelor's degree,First major,Liberal arts and sciences- general studies and humanities.,'24',48,23,25,0,0,0,0,0,0,17,12,5,11,3,8,15,8,7,,,,,,,,,,4,0,4,1,0,12007-2008,157289,University of Louisville,Bachelor's degree,First major,Business- management- marketing- and related support services.,'52',502,279,223,1,0,1,10,4,6,34,16,18,3,2,1,423,245,178,,,,,,,,,,1,1,0,30,11,192007-2008,186380,Rutgers University-New Brunswick,Bachelor's degree,First major,Computer and information sciences and support services.,'11',123,104,19,0,0,0,42,33,9,5,3,2,9,8,1,62,56,6,,,,,,,,,,2,2,0,3,2,12007-2008,100858,Auburn University,Bachelor's degree,First major,Psychology.,'42',153,41,112,1,0,1,1,0,1,16,3,13,2,0,2,127,36,91,,,,,,,,,,5,2,3,1,0,12007-2008,100858,Auburn University,Bachelor's degree,First major,Public administration and social service professions.,'44',51,16,35,0,0,0,0,0,0,13,5,8,0,0,0,37,10,27,,,,,,,,,,1,1,0,0,0,02007-2008,159391,Louisiana State University and Agricultural & Mechanical College,Bachelor's degree,First major,Area- ethnic- cultural- and gender studies.,'05',3,0,3,0,0,0,0,0,0,0,0,0,0,0,0,3,0,3,,,,,,,,,,0,0,0,0,0,02007-2008,186380,Rutgers University-New Brunswick,Bachelor's degree,First major,Engineering.,'14',446,371,75,0,0,0,128,101,27,27,22,5,29,24,5,212,187,25,,,,,,,,,,24,19,5,26,18,82007-2008,181464,University of Nebraska-Lincoln,Bachelor's degree,First major,Biological and biomedical sciences.,'26',165,66,99,2,1,1,17,5,12,7,1,6,4,3,1,120,49,71,,,,,,,,,,12,4,8,3,3,02007-2008,199120,University of North Carolina at Chapel Hill,Bachelor's degree,First major,Psychology.,'42',390,123,267,5,0,5,29,13,16,65,12,53,11,1,10,267,92,175,,,,,,,,,,12,5,7,1,0,12007-2008,134130,University of Florida,Bachelor's degree,First major,Natural resources and conservation.,'03',93,45,48,0,0,0,1,1,0,6,4,2,8,2,6,72,35,37,,,,,,,,,,5,3,2,1,0,12007-2008,147767,Northwestern University,Bachelor's degree,First major,Biological and biomedical sciences.,'26',99,53,46,0,0,0,48,29,19,1,0,1,5,2,3,39,20,19,,,,,,,,,,6,2,4,0,0,02007-2008,209551,University of Oregon,Bachelor's degree,First major,Communication- journalism- and related programs.,'09',315,109,206,1,0,1,16,3,13,4,2,2,9,1,8,251,90,161,,,,,,,,,,18,9,9,16,4,122007-2008,209542,Oregon State University,Bachelor's degree,First major,Education.,'13',58,13,45,1,1,0,0,0,0,0,0,0,3,1,2,52,10,42,,,,,,,,,,2,1,1,0,0,02007-2008,135726,University of Miami,Bachelor's degree,First major,Business- management- marketing- and related support services.,'52',497,285,212,4,2,2,13,7,6,30,18,12,98,51,47,289,168,121,,,,,,,,,,22,11,11,41,28,132007-2008,142115,Boise State University,Bachelor's degree,First major,Security and protective services.,'43',98,43,55,0,0,0,4,1,3,0,0,0,10,3,7,76,33,43,,,,,,,,,,8,6,2,0,0,02007-2008,122755,San Jose State University,Bachelor's degree,First major,Biological and biomedical sciences.,'26',115,38,77,0,0,0,57,17,40,3,2,1,12,2,10,28,12,16,,,,,,,,,,9,3,6,6,2,42007-2008,147767,Northwestern University,Bachelor's degree,First major,English language and literature/letters.,'23',69,22,47,0,0,0,4,0,4,0,0,0,5,3,2,56,19,37,,,,,,,,,,3,0,3,1,0,12007-2008,209551,University of Oregon,Bachelor's degree,First major,Social sciences.,'45',745,386,359,9,5,4,40,19,21,15,9,6,27,12,15,578,296,282,,,,,,,,,,48,26,22,28,19,92007-2008,230728,Utah State University,Bachelor's degree,First major,Liberal arts and sciences- general studies and humanities.,'24',57,27,30,0,0,0,0,0,0,0,0,0,1,0,1,55,27,28,0,0,0,0,0,0,0,0,0,1,0,1,0,0,02007-2008,209542,Oregon State University,Bachelor's degree,First major,Engineering.,'14',431,383,48,0,0,0,42,37,5,2,2,0,13,9,4,338,301,37,,,,,,,,,,27,25,2,9,9,02007-2008,217882,Clemson University,Bachelor's degree,First major,Engineering.,'14',447,371,76,3,2,1,13,10,3,19,13,6,7,5,2,344,287,57,,,,,,,,,,50,43,7,11,11,02007-2008,159391,Louisiana State University and Agricultural & Mechanical College,Bachelor's degree,First major,Health professions and related clinical sciences.,'51',108,2,106,1,0,1,1,0,1,3,0,3,1,0,1,99,2,97,,,,,,,,,,2,0,2,1,0,12007-2008,122755,San Jose State University,Bachelor's degree,First major,Business- management- marketing- and related support services.,'52',1446,777,669,2,1,1,726,402,324,38,18,20,175,83,92,291,151,140,,,,,,,,,,142,89,53,72,33,392007-2008,209551,University of Oregon,Bachelor's degree,First major,Mathematics and statistics.,'27',44,24,20,0,0,0,2,1,1,0,0,0,0,0,0,38,20,18,,,,,,,,,,2,1,1,2,2,02007-2008,221999,Vanderbilt University,Bachelor's degree,First major,Multi/interdisciplinary studies.,'30',94,32,62,0,0,0,8,4,4,13,2,11,7,2,5,56,21,35,,,,,,,,,,9,3,6,1,0,12007-2008,207500,University of Oklahoma Norman Campus,Bachelor's degree,First major,Mathematics and statistics.,'27',32,27,5,2,1,1,3,3,0,2,1,1,1,1,0,24,21,3,,,,,,,,,,0,0,0,0,0,02007-2008,100858,Auburn University,Bachelor's degree,First major,Multi/interdisciplinary studies.,'30',24,2,22,0,0,0,0,0,0,0,0,0,1,0,1,23,2,21,,,,,,,,,,0,0,0,0,0,02007-2008,207388,Oklahoma State University-Main Campus,Bachelor's degree,First major,Communication- journalism- and related programs.,'09',180,61,119,14,2,12,1,1,0,4,2,2,8,1,7,151,54,97,,,,,,,,,,0,0,0,2,1,12007-2008,218663,University of South Carolina-Columbia,Bachelor's degree,First major,Liberal arts and sciences- general studies and humanities.,'24',80,24,56,0,0,0,0,0,0,25,3,22,2,0,2,50,20,30,,,,,,,,,,3,1,2,0,0,02007-2008,207500,University of Oklahoma Norman Campus,Bachelor's degree,First major,Multi/interdisciplinary studies.,'30',76,31,45,4,1,3,6,3,3,2,0,2,4,1,3,59,26,33,,,,,,,,,,0,0,0,1,0,12007-2008,186380,Rutgers University-New Brunswick,Bachelor's degree,First major,Health professions and related clinical sciences.,'51',74,9,65,0,0,0,20,1,19,26,2,24,3,0,3,21,4,17,,,,,,,,,,3,1,2,1,1,02007-2008,186380,Rutgers University-New Brunswick,Bachelor's degree,First major,Physical sciences.,'40',105,69,36,0,0,0,24,13,11,2,2,0,6,3,3,67,48,19,,,,,,,,,,3,0,3,3,3,02007-2008,159391,Louisiana State University and Agricultural & Mechanical College,Bachelor's degree,First major,Education.,'13',441,120,321,0,0,0,7,3,4,25,10,15,12,3,9,385,98,287,,,,,,,,,,11,5,6,1,1,02007-2008,243744,Stanford University,Bachelor's degree,First major,Visual and performing arts.,'50',53,24,29,0,0,0,9,5,4,2,2,0,8,2,6,29,13,16,,,,,,,,,,5,2,3,0,0,02007-2008,170976,University of Michigan-Ann Arbor,Bachelor's degree,First major,Foreign languages- literatures- and linguistics.,'16',220,61,159,4,1,3,15,3,12,5,2,3,14,6,8,170,46,124,,,,,,,,,,8,1,7,4,2,22007-2008,135726,University of Miami,Bachelor's degree,First major,History,'54',30,20,10,0,0,0,3,2,1,2,1,1,7,7,0,14,10,4,,,,,,,,,,3,0,3,1,0,12007-2008,100751,The University of Alabama,Bachelor's degree,First major,Foreign languages- literatures- and linguistics.,'16',27,9,18,0,0,0,0,0,0,0,0,0,0,0,0,27,9,18,0,0,0,0,0,0,0,0,0,0,0,0,0,0,02007-2008,100751,The University of Alabama,Bachelor's degree,First major,Engineering.,'14',209,159,50,1,1,0,6,4,2,27,15,12,1,1,0,172,137,35,0,0,0,0,0,0,0,0,0,0,0,0,2,1,12007-2008,181464,University of Nebraska-Lincoln,Bachelor's degree,First major,Architecture and related services.,'04',68,26,42,0,0,0,3,2,1,0,0,0,1,0,1,59,23,36,,,,,,,,,,5,1,4,0,0,02007-2008,228778,The University of Texas at Austin,Bachelor's degree,First major,Family and consumer sciences/human sciences.,'19',335,24,311,2,0,2,59,4,55,20,3,17,69,10,59,182,7,175,,,,,,,,,,1,0,1,2,0,22007-2008,170976,University of Michigan-Ann Arbor,Bachelor's degree,First major,Mathematics and statistics.,'27',111,68,43,0,0,0,17,13,4,4,0,4,1,1,0,54,34,20,,,,,,,,,,3,2,1,32,18,142007-2008,186380,Rutgers University-New Brunswick,Bachelor's degree,First major,Multi/interdisciplinary studies.,'30',51,7,44,0,0,0,14,4,10,3,1,2,3,0,3,28,2,26,,,,,,,,,,3,0,3,0,0,02007-2008,181464,University of Nebraska-Lincoln,Bachelor's degree,First major,Computer and information sciences and support services.,'11',32,23,9,0,0,0,0,0,0,1,1,0,0,0,0,24,17,7,,,,,,,,,,4,4,0,3,1,22007-2008,131496,Georgetown University,Bachelor's degree,First major,Biological and biomedical sciences.,'26',59,27,32,0,0,0,11,4,7,3,2,1,0,0,0,38,17,21,,,,,,,,,,2,2,0,5,2,32007-2008,209551,University of Oregon,Bachelor's degree,First major,Multi/interdisciplinary studies.,'30',187,61,126,2,1,1,12,5,7,2,0,2,4,1,3,138,45,93,,,,,,,,,,10,2,8,19,7,122007-2008,230728,Utah State University,Bachelor's degree,First major,Agriculture- agriculture operations- and related sciences.,'01',88,51,37,2,0,2,0,0,0,0,0,0,0,0,0,81,47,34,0,0,0,0,0,0,0,0,0,2,2,0,3,2,12007-2008,228723,Texas A & M University-College Station,Bachelor's degree,First major,Social sciences.,'45',610,348,262,2,1,1,20,11,9,16,9,7,72,45,27,493,278,215,,,,,,,,,,1,1,0,6,3,32007-2008,243744,Stanford University,Bachelor's degree,First major,Area- ethnic- cultural- and gender studies.,'05',45,12,33,3,1,2,5,3,2,8,1,7,6,1,5,19,4,15,,,,,,,,,,4,2,2,0,0,02007-2008,142115,Boise State University,Bachelor's degree,First major,History,'54',41,25,16,1,1,0,0,0,0,2,2,0,0,0,0,35,20,15,,,,,,,,,,3,2,1,0,0,02007-2008,198419,Duke University,Bachelor's degree,First major,Multi/interdisciplinary studies.,'30',16,4,12,0,0,0,0,0,0,1,0,1,1,1,0,11,2,9,,,,,,,,,,2,1,1,1,0,12007-2008,157289,University of Louisville,Bachelor's degree,First major,History,'54',55,30,25,1,1,0,1,0,1,4,2,2,1,0,1,48,27,21,,,,,,,,,,0,0,0,0,0,02007-2008,228778,The University of Texas at Austin,Bachelor's degree,First major,Physical sciences.,'40',191,125,66,2,0,2,37,25,12,4,1,3,25,16,9,113,77,36,,,,,,,,,,1,1,0,9,5,42007-2008,142115,Boise State University,Bachelor's degree,First major,Communication- journalism- and related programs.,'09',134,64,70,0,0,0,2,0,2,3,2,1,6,3,3,114,53,61,,,,,,,,,,6,5,1,3,1,22007-2008,207500,University of Oklahoma Norman Campus,Bachelor's degree,First major,Area- ethnic- cultural- and gender studies.,'05',17,6,11,8,4,4,0,0,0,5,0,5,0,0,0,4,2,2,,,,,,,,,,0,0,0,0,0,02007-2008,198419,Duke University,Bachelor's degree,First major,Engineering.,'14',230,171,59,0,0,0,52,33,19,11,6,5,8,4,4,136,111,25,,,,,,,,,,13,9,4,10,8,22007-2008,122755,San Jose State University,Bachelor's degree,First major,Communication- journalism- and related programs.,'09',257,111,146,1,0,1,53,26,27,18,5,13,49,24,25,92,42,50,,,,,,,,,,40,14,26,4,0,42007-2008,198419,Duke University,Bachelor's degree,First major,Health professions and related clinical sciences.,'51',52,1,51,1,0,1,0,0,0,1,0,1,3,0,3,46,1,45,,,,,,,,,,1,0,1,0,0,02007-2008,207388,Oklahoma State University-Main Campus,Bachelor's degree,First major,Visual and performing arts.,'50',72,31,41,4,1,3,0,0,0,0,0,0,1,0,1,65,29,36,,,,,,,,,,0,0,0,2,1,12007-2008,209551,University of Oregon,Bachelor's degree,First major,History,'54',131,82,49,0,0,0,2,2,0,3,1,2,5,2,3,113,75,38,,,,,,,,,,8,2,6,0,0,02007-2008,207500,University of Oklahoma Norman Campus,Bachelor's degree,First major,Natural resources and conservation.,'03',2,1,1,1,0,1,0,0,0,0,0,0,0,0,0,1,1,0,,,,,,,,,,0,0,0,0,0,02007-2008,218663,University of South Carolina-Columbia,Bachelor's degree,First major,Education.,'13',221,26,195,0,0,0,2,0,2,31,8,23,0,0,0,166,15,151,,,,,,,,,,21,2,19,1,1,02007-2008,207388,Oklahoma State University-Main Campus,Bachelor's degree,First major,Parks- recreation- leisure- and fitness studies.,'31',11,5,6,0,0,0,0,0,0,1,1,0,0,0,0,10,4,6,,,,,,,,,,0,0,0,0,0,02007-2008,209542,Oregon State University,Bachelor's degree,First major,History,'54',48,27,21,1,0,1,1,0,1,1,0,1,3,3,0,40,23,17,,,,,,,,,,2,1,1,0,0,02007-2008,134130,University of Florida,Bachelor's degree,First major,Engineering.,'14',915,743,172,5,3,2,64,45,19,53,42,11,149,123,26,612,507,105,,,,,,,,,,10,7,3,22,16,62007-2008,142115,Boise State University,Bachelor's degree,First major,Philosophy and religious studies.,'38',13,7,6,0,0,0,0,0,0,1,1,0,2,1,1,9,5,4,,,,,,,,,,1,0,1,0,0,02007-2008,186380,Rutgers University-New Brunswick,Bachelor's degree,First major,Business- management- marketing- and related support services.,'52',412,218,194,1,1,0,125,70,55,36,12,24,19,9,10,197,107,90,,,,,,,,,,19,10,9,15,9,62007-2008,147767,Northwestern University,Bachelor's degree,First major,Communication- journalism- and related programs.,'09',403,132,271,1,0,1,34,6,28,37,11,26,39,6,33,255,97,158,,,,,,,,,,25,10,15,12,2,102007-2008,155399,Kansas State University,Bachelor's degree,First major,Business- management- marketing- and related support services.,'52',608,343,265,3,2,1,10,7,3,9,7,2,10,3,7,551,309,242,,,,,,,,,,18,13,5,7,2,52007-2008,139959,University of Georgia,Bachelor's degree,First major,Biological and biomedical sciences.,'26',548,252,296,2,0,2,82,35,47,33,10,23,15,7,8,391,191,200,,,,,,,,,,20,7,13,5,2,32007-2008,100751,The University of Alabama,Bachelor's degree,First major,Visual and performing arts.,'50',159,35,124,0,0,0,1,0,1,9,3,6,1,1,0,146,31,115,0,0,0,0,0,0,0,0,0,0,0,0,2,0,22007-2008,204796,Ohio State University-Main Campus,Bachelor's degree,First major,Communication- journalism- and related programs.,'09',567,233,334,0,0,0,14,4,10,56,24,32,15,4,11,467,197,270,,,,,,,,,,5,1,4,10,3,72007-2008,157289,University of Louisville,Bachelor's degree,First major,Liberal arts and sciences- general studies and humanities.,'24',34,10,24,0,0,0,1,1,0,1,1,0,0,0,0,30,7,23,,,,,,,,,,2,1,1,0,0,02007-2008,139959,University of Georgia,Bachelor's degree,First major,English language and literature/letters.,'23',344,115,229,0,0,0,7,0,7,13,6,7,4,3,1,311,105,206,,,,,,,,,,7,1,6,2,0,22007-2008,122755,San Jose State University,Bachelor's degree,First major,Education.,'13',132,5,127,0,0,0,44,3,41,5,1,4,19,0,19,51,1,50,,,,,,,,,,12,0,12,1,0,12007-2008,204796,Ohio State University-Main Campus,Bachelor's degree,First major,Philosophy and religious studies.,'38',45,34,11,0,0,0,1,1,0,2,1,1,2,2,0,38,29,9,,,,,,,,,,2,1,1,0,0,02007-2008,134130,University of Florida,Bachelor's degree,First major,Mathematics and statistics.,'27',84,47,37,0,0,0,5,4,1,5,2,3,9,4,5,62,35,27,,,,,,,,,,2,2,0,1,0,12007-2008,217882,Clemson University,Bachelor's degree,First major,Parks- recreation- leisure- and fitness studies.,'31',106,63,43,0,0,0,0,0,0,5,5,0,0,0,0,91,51,40,,,,,,,,,,10,7,3,0,0,02007-2008,159391,Louisiana State University and Agricultural & Mechanical College,Bachelor's degree,First major,Philosophy and religious studies.,'38',34,23,11,0,0,0,0,0,0,0,0,0,0,0,0,31,20,11,,,,,,,,,,3,3,0,0,0,02007-2008,209542,Oregon State University,Bachelor's degree,First major,Area- ethnic- cultural- and gender studies.,'05',8,3,5,2,1,1,1,1,0,0,0,0,1,0,1,3,0,3,,,,,,,,,,1,1,0,0,0,02007-2008,139959,University of Georgia,Bachelor's degree,First major,History,'54',189,110,79,0,0,0,2,1,1,6,2,4,4,3,1,172,104,68,,,,,,,,,,5,0,5,0,0,02007-2008,209542,Oregon State University,Bachelor's degree,First major,Multi/interdisciplinary studies.,'30',162,57,105,2,0,2,30,10,20,1,0,1,5,2,3,120,42,78,,,,,,,,,,3,3,0,1,0,12007-2008,157289,University of Louisville,Bachelor's degree,First major,Area- ethnic- cultural- and gender studies.,'05',11,2,9,0,0,0,0,0,0,6,1,5,0,0,0,5,1,4,,,,,,,,,,0,0,0,0,0,02007-2008,198419,Duke University,Bachelor's degree,First major,Psychology.,'42',156,44,112,0,0,0,21,7,14,26,7,19,15,3,12,80,23,57,,,,,,,,,,10,2,8,4,2,22007-2008,152080,University of Notre Dame,Bachelor's degree,First major,Mathematics and statistics.,'27',38,23,15,0,0,0,4,1,3,0,0,0,1,1,0,32,21,11,,,,,,,,,,0,0,0,1,0,12007-2008,100751,The University of Alabama,Bachelor's degree,First major,Area- ethnic- cultural- and gender studies.,'05',12,8,4,0,0,0,0,0,0,2,2,0,0,0,0,10,6,4,0,0,0,0,0,0,0,0,0,0,0,0,0,0,02007-2008,134097,Florida State University,Bachelor's degree,First major,Engineering.,'14',266,212,54,2,2,0,13,11,2,36,24,12,29,22,7,178,147,31,,,,,,,,,,2,2,0,6,4,22007-2008,217882,Clemson University,Bachelor's degree,First major,Business- management- marketing- and related support services.,'52',658,416,242,0,0,0,5,3,2,24,15,9,5,2,3,578,364,214,,,,,,,,,,44,30,14,2,2,02007-2008,199120,University of North Carolina at Chapel Hill,Bachelor's degree,First major,History,'54',150,96,54,1,1,0,6,6,0,10,5,5,4,2,2,125,81,44,,,,,,,,,,4,1,3,0,0,02007-2008,147767,Northwestern University,Bachelor's degree,First major,Engineering.,'14',296,212,84,0,0,0,63,47,16,9,8,1,17,8,9,155,109,46,,,,,,,,,,15,13,2,37,27,102007-2008,152080,University of Notre Dame,Bachelor's degree,First major,Architecture and related services.,'04',46,22,24,1,0,1,4,1,3,1,0,1,2,1,1,34,20,14,,,,,,,,,,0,0,0,4,0,42007-2008,221999,Vanderbilt University,Bachelor's degree,First major,Communication- journalism- and related programs.,'09',42,10,32,0,0,0,0,0,0,6,1,5,3,1,2,29,7,22,,,,,,,,,,4,1,3,0,0,02007-2008,152080,University of Notre Dame,Bachelor's degree,First major,Natural resources and conservation.,'03',10,5,5,0,0,0,1,1,0,0,0,0,0,0,0,9,4,5,,,,,,,,,,0,0,0,0,0,02007-2008,228778,The University of Texas at Austin,Bachelor's degree,First major,Architecture and related services.,'04',63,25,38,0,0,0,14,6,8,0,0,0,3,2,1,43,16,27,,,,,,,,,,0,0,0,3,1,22007-2008,135726,University of Miami,Bachelor's degree,First major,Social sciences.,'45',183,80,103,2,2,0,10,0,10,26,9,17,43,15,28,87,47,40,,,,,,,,,,6,3,3,9,4,52007-2008,147767,Northwestern University,Bachelor's degree,First major,Visual and performing arts.,'50',212,74,138,2,1,1,15,4,11,13,7,6,12,6,6,153,49,104,,,,,,,,,,15,7,8,2,0,22007-2008,159391,Louisiana State University and Agricultural & Mechanical College,Bachelor's degree,First major,History,'54',141,77,64,1,1,0,1,1,0,8,3,5,1,1,0,125,67,58,,,,,,,,,,5,4,1,0,0,02007-2008,147767,Northwestern University,Bachelor's degree,First major,Mathematics and statistics.,'27',49,33,16,0,0,0,10,6,4,1,1,0,1,1,0,31,20,11,,,,,,,,,,3,3,0,3,2,12007-2008,170976,University of Michigan-Ann Arbor,Bachelor's degree,First major,English language and literature/letters.,'23',331,128,203,5,4,1,23,8,15,26,12,14,22,9,13,232,86,146,,,,,,,,,,21,8,13,2,1,12007-2008,100858,Auburn University,Bachelor's degree,First major,Physical sciences.,'40',29,22,7,0,0,0,0,0,0,1,0,1,0,0,0,28,22,6,,,,,,,,,,0,0,0,0,0,02007-2008,134130,University of Florida,Bachelor's degree,First major,Health professions and related clinical sciences.,'51',646,93,553,1,0,1,31,5,26,87,7,80,67,11,56,450,68,382,,,,,,,,,,4,1,3,6,1,52007-2008,198419,Duke University,Bachelor's degree,First major,Mathematics and statistics.,'27',27,19,8,1,1,0,11,6,5,2,1,1,0,0,0,9,8,1,,,,,,,,,,4,3,1,0,0,02007-2008,181464,University of Nebraska-Lincoln,Bachelor's degree,First major,Business- management- marketing- and related support services.,'52',664,391,273,3,2,1,18,10,8,10,6,4,15,9,6,571,333,238,,,,,,,,,,40,27,13,7,4,32007-2008,228723,Texas A & M University-College Station,Bachelor's degree,First major,Natural resources and conservation.,'03',196,120,76,1,1,0,6,3,3,5,2,3,11,7,4,173,107,66,,,,,,,,,,0,0,0,0,0,02007-2008,218663,University of South Carolina-Columbia,Bachelor's degree,First major,Security and protective services.,'43',131,83,48,0,0,0,2,2,0,32,15,17,2,1,1,79,54,25,,,,,,,,,,16,11,5,0,0,02007-2008,134130,University of Florida,Bachelor's degree,First major,Business- management- marketing- and related support services.,'52',1265,707,558,5,3,2,72,36,36,37,12,25,134,69,65,966,558,408,,,,,,,,,,12,8,4,39,21,182007-2008,155399,Kansas State University,Bachelor's degree,First major,Foreign languages- literatures- and linguistics.,'16',24,3,21,0,0,0,1,1,0,1,1,0,0,0,0,16,1,15,,,,,,,,,,5,0,5,1,0,12007-2008,100858,Auburn University,Bachelor's degree,First major,Philosophy and religious studies.,'38',13,11,2,1,1,0,0,0,0,0,0,0,1,1,0,11,9,2,,,,,,,,,,0,0,0,0,0,02007-2008,100751,The University of Alabama,Bachelor's degree,First major,Physical sciences.,'40',43,25,18,0,0,0,1,1,0,1,0,1,2,1,1,39,23,16,0,0,0,0,0,0,0,0,0,0,0,0,0,0,02007-2008,207388,Oklahoma State University-Main Campus,Bachelor's degree,First major,Agriculture- agriculture operations- and related sciences.,'01',336,165,171,30,17,13,3,2,1,3,0,3,8,4,4,291,142,149,,,,,,,,,,0,0,0,1,0,12007-2008,131496,Georgetown University,Bachelor's degree,First major,Area- ethnic- cultural- and gender studies.,'05',31,13,18,0,0,0,1,1,0,1,0,1,2,2,0,22,7,15,,,,,,,,,,4,2,2,1,1,02007-2008,170976,University of Michigan-Ann Arbor,Bachelor's degree,First major,Area- ethnic- cultural- and gender studies.,'05',133,35,98,3,1,2,8,2,6,19,4,15,10,4,6,84,22,62,,,,,,,,,,8,1,7,1,1,02007-2008,228723,Texas A & M University-College Station,Bachelor's degree,First major,Mathematics and statistics.,'27',64,30,34,0,0,0,2,1,1,0,0,0,2,2,0,60,27,33,,,,,,,,,,0,0,0,0,0,02007-2008,204796,Ohio State University-Main Campus,Bachelor's degree,First major,History,'54',208,151,57,2,1,1,6,5,1,4,1,3,7,6,1,183,133,50,,,,,,,,,,6,5,1,0,0,02007-2008,209551,University of Oregon,Bachelor's degree,First major,Health professions and related clinical sciences.,'51',31,2,29,0,0,0,2,0,2,0,0,0,0,0,0,28,2,26,,,,,,,,,,0,0,0,1,0,12007-2008,207500,University of Oklahoma Norman Campus,Bachelor's degree,First major,Foreign languages- literatures- and linguistics.,'16',62,23,39,4,1,3,0,0,0,2,1,1,5,1,4,51,20,31,,,,,,,,,,0,0,0,0,0,02007-2008,199120,University of North Carolina at Chapel Hill,Bachelor's degree,First major,Health professions and related clinical sciences.,'51',409,73,336,1,0,1,38,11,27,32,8,24,12,2,10,310,51,259,,,,,,,,,,14,1,13,2,0,22007-2008,147767,Northwestern University,Bachelor's degree,First major,History,'54',93,43,50,0,0,0,3,1,2,4,1,3,2,1,1,77,37,40,,,,,,,,,,6,3,3,1,0,12007-2008,159391,Louisiana State University and Agricultural & Mechanical College,Bachelor's degree,First major,Social sciences.,'45',379,193,186,2,1,1,11,7,4,46,18,28,16,7,9,276,145,131,,,,,,,,,,22,13,9,6,2,42007-2008,134097,Florida State University,Bachelor's degree,First major,Area- ethnic- cultural- and gender studies.,'05',25,12,13,0,0,0,0,0,0,5,2,3,3,3,0,15,6,9,,,,,,,,,,0,0,0,2,1,12007-2008,139959,University of Georgia,Bachelor's degree,First major,Communications technologies/technicians and support services.,'10',74,45,29,0,0,0,2,1,1,5,2,3,6,1,5,60,40,20,,,,,,,,,,1,1,0,0,0,02007-2008,155399,Kansas State University,Bachelor's degree,First major,Engineering.,'14',334,277,57,1,1,0,6,5,1,3,3,0,4,3,1,300,248,52,,,,,,,,,,11,8,3,9,9,02007-2008,218663,University of South Carolina-Columbia,Bachelor's degree,First major,Biological and biomedical sciences.,'26',237,105,132,1,0,1,27,10,17,34,12,22,3,2,1,147,73,74,,,,,,,,,,22,6,16,3,2,12007-2008,155399,Kansas State University,Bachelor's degree,First major,Family and consumer sciences/human sciences.,'19',284,26,258,2,0,2,2,1,1,10,0,10,3,1,2,253,23,230,,,,,,,,,,12,1,11,2,0,22007-2008,155399,Kansas State University,Bachelor's degree,First major,Physical sciences.,'40',32,19,13,0,0,0,1,0,1,4,2,2,1,1,0,23,14,9,,,,,,,,,,1,1,0,2,1,12007-2008,199120,University of North Carolina at Chapel Hill,Bachelor's degree,First major,English language and literature/letters.,'23',171,53,118,0,0,0,7,3,4,16,2,14,6,1,5,131,41,90,,,,,,,,,,11,6,5,0,0,02007-2008,209542,Oregon State University,Bachelor's degree,First major,Philosophy and religious studies.,'38',17,12,5,1,1,0,1,0,1,1,1,0,1,1,0,12,9,3,,,,,,,,,,1,0,1,0,0,02007-2008,155399,Kansas State University,Bachelor's degree,First major,Agriculture- agriculture operations- and related sciences.,'01',368,212,156,0,0,0,1,0,1,1,1,0,7,1,6,345,203,142,,,,,,,,,,10,4,6,4,3,12007-2008,152080,University of Notre Dame,Bachelor's degree,First major,Health professions and related clinical sciences.,'51',84,43,41,0,0,0,8,3,5,3,1,2,11,6,5,59,30,29,,,,,,,,,,0,0,0,3,3,02007-2008,123961,University of Southern California,Bachelor's degree,First major,Liberal arts and sciences- general studies and humanities.,'24',5,5,0,0,0,0,0,0,0,0,0,0,0,0,0,5,5,0,,,,,,,,,,0,0,0,0,0,02007-2008,228246,Southern Methodist University,Bachelor's degree,First major,Health professions and related clinical sciences.,'51',0,0,0,0,0,0,0,0,0,0,0,0,0,0,0,0,0,0,,,,,,,,,,0,0,0,0,0,02007-2008,228723,Texas A & M University-College Station,Bachelor's degree,First major,Physical sciences.,'40',117,74,43,1,1,0,5,3,2,2,0,2,17,10,7,87,58,29,,,,,,,,,,0,0,0,5,2,32007-2008,170976,University of Michigan-Ann Arbor,Bachelor's degree,First major,Physical sciences.,'40',74,45,29,1,0,1,5,3,2,2,0,2,3,3,0,58,36,22,,,,,,,,,,0,0,0,5,3,22007-2008,181464,University of Nebraska-Lincoln,Bachelor's degree,First major,Public administration and social service professions.,'44',0,0,0,0,0,0,0,0,0,0,0,0,0,0,0,0,0,0,,,,,,,,,,0,0,0,0,0,02007-2008,122755,San Jose State University,Bachelor's degree,First major,Multi/interdisciplinary studies.,'30',64,16,48,1,0,1,10,2,8,3,1,2,14,4,10,23,5,18,,,,,,,,,,12,4,8,1,0,12007-2008,100751,The University of Alabama,Bachelor's degree,First major,Multi/interdisciplinary studies.,'30',68,40,28,3,2,1,0,0,0,6,3,3,1,1,0,58,34,24,0,0,0,0,0,0,0,0,0,0,0,0,0,0,02007-2008,228778,The University of Texas at Austin,Bachelor's degree,First major,Computer and information sciences and support services.,'11',159,140,19,0,0,0,36,27,9,1,1,0,24,21,3,89,85,4,,,,,,,,,,2,2,0,7,4,32007-2008,217882,Clemson University,Bachelor's degree,First major,Social sciences.,'45',255,135,120,1,1,0,2,1,1,27,12,15,3,1,2,187,103,84,,,,,,,,,,31,15,16,4,2,22007-2008,228778,The University of Texas at Austin,Bachelor's degree,First major,Health professions and related clinical sciences.,'51',275,38,237,1,0,1,24,5,19,16,3,13,61,9,52,166,19,147,,,,,,,,,,0,0,0,7,2,52007-2008,204796,Ohio State University-Main Campus,Bachelor's degree,First major,Family and consumer sciences/human sciences.,'19',800,244,556,4,2,2,34,13,21,81,23,58,19,5,14,635,192,443,,,,,,,,,,14,5,9,13,4,92007-2008,228246,Southern Methodist University,Bachelor's degree,First major,Social sciences.,'45',290,177,113,1,0,1,23,13,10,24,18,6,31,18,13,192,116,76,,,,,,,,,,0,0,0,19,12,72007-2008,181464,University of Nebraska-Lincoln,Bachelor's degree,First major,History,'54',79,55,24,0,0,0,1,1,0,1,1,0,3,1,2,70,50,20,,,,,,,,,,3,2,1,1,0,12007-2008,100751,The University of Alabama,Bachelor's degree,First major,Family and consumer sciences/human sciences.,'19',239,61,178,1,1,0,0,0,0,44,19,25,2,0,2,191,40,151,0,0,0,0,0,0,0,0,0,0,0,0,1,1,02007-2008,198419,Duke University,Bachelor's degree,First major,Natural resources and conservation.,'03',15,4,11,0,0,0,7,3,4,0,0,0,2,0,2,6,1,5,,,,,,,,,,0,0,0,0,0,02007-2008,186380,Rutgers University-New Brunswick,Bachelor's degree,First major,Agriculture- agriculture operations- and related sciences.,'01',84,19,65,0,0,0,8,2,6,4,1,3,5,1,4,64,14,50,,,,,,,,,,3,1,2,0,0,02007-2008,123961,University of Southern California,Bachelor's degree,First major,Biological and biomedical sciences.,'26',175,86,89,2,1,1,75,31,44,5,1,4,13,5,8,69,43,26,,,,,,,,,,4,2,2,7,3,42007-2008,199120,University of North Carolina at Chapel Hill,Bachelor's degree,First major,Mathematics and statistics.,'27',61,31,30,0,0,0,6,5,1,3,2,1,0,0,0,45,20,25,,,,,,,,,,3,2,1,4,2,22007-2008,207500,University of Oklahoma Norman Campus,Bachelor's degree,First major,Computer and information sciences and support services.,'11',33,28,5,0,0,0,2,1,1,0,0,0,2,2,0,28,25,3,,,,,,,,,,0,0,0,1,0,12007-2008,228723,Texas A & M University-College Station,Bachelor's degree,First major,Psychology.,'42',285,55,230,2,0,2,3,1,2,16,5,11,32,6,26,232,43,189,,,,,,,,,,0,0,0,0,0,02007-2008,209542,Oregon State University,Bachelor's degree,First major,Visual and performing arts.,'50',119,34,85,2,0,2,8,4,4,0,0,0,3,3,0,97,22,75,,,,,,,,,,7,4,3,2,1,12007-2008,221999,Vanderbilt University,Bachelor's degree,First major,Philosophy and religious studies.,'38',34,23,11,0,0,0,4,3,1,4,1,3,0,0,0,24,17,7,,,,,,,,,,2,2,0,0,0,02007-2008,139959,University of Georgia,Bachelor's degree,First major,Family and consumer sciences/human sciences.,'19',366,124,242,2,0,2,5,0,5,24,11,13,4,1,3,318,107,211,,,,,,,,,,12,4,8,1,1,02007-2008,123961,University of Southern California,Bachelor's degree,First major,Physical sciences.,'40',26,16,10,0,0,0,2,1,1,0,0,0,1,1,0,19,12,7,,,,,,,,,,2,1,1,2,1,12007-2008,147767,Northwestern University,Bachelor's degree,First major,Multi/interdisciplinary studies.,'30',23,19,4,0,0,0,4,3,1,0,0,0,0,0,0,17,15,2,,,,,,,,,,1,0,1,1,1,02007-2008,204796,Ohio State University-Main Campus,Bachelor's degree,First major,Natural resources and conservation.,'03',75,46,29,0,0,0,2,2,0,0,0,0,0,0,0,73,44,29,,,,,,,,,,0,0,0,0,0,02007-2008,221999,Vanderbilt University,Bachelor's degree,First major,Mathematics and statistics.,'27',14,12,2,0,0,0,0,0,0,1,1,0,0,0,0,13,11,2,,,,,,,,,,0,0,0,0,0,02007-2008,199120,University of North Carolina at Chapel Hill,Bachelor's degree,First major,Public administration and social service professions.,'44',37,15,22,0,0,0,4,1,3,7,5,2,1,0,1,24,9,15,,,,,,,,,,1,0,1,0,0,02007-2008,207388,Oklahoma State University-Main Campus,Bachelor's degree,First major,History,'54',30,17,13,4,3,1,0,0,0,1,1,0,0,0,0,25,13,12,,,,,,,,,,0,0,0,0,0,02007-2008,230728,Utah State University,Bachelor's degree,First major,Physical sciences.,'40',29,24,5,0,0,0,0,0,0,0,0,0,1,1,0,26,21,5,0,0,0,0,0,0,0,0,0,2,2,0,0,0,02007-2008,207388,Oklahoma State University-Main Campus,Bachelor's degree,First major,Engineering.,'14',249,202,47,15,14,1,3,3,0,4,1,3,3,3,0,192,156,36,,,,,,,,,,0,0,0,32,25,72007-2008,207388,Oklahoma State University-Main Campus,Bachelor's degree,First major,Transportation and materials moving.,'49',79,72,7,3,3,0,1,1,0,1,1,0,0,0,0,69,62,7,,,,,,,,,,0,0,0,5,5,02007-2008,134097,Florida State University,Bachelor's degree,First major,Business- management- marketing- and related support services.,'52',1475,815,660,15,7,8,47,19,28,114,44,70,146,72,74,1098,644,454,,,,,,,,,,8,7,1,47,22,252007-2008,134097,Florida State University,Bachelor's degree,First major,Mathematics and statistics.,'27',31,19,12,0,0,0,3,1,2,2,0,2,1,1,0,23,16,7,,,,,,,,,,0,0,0,2,1,12007-2008,123961,University of Southern California,Bachelor's degree,First major,Visual and performing arts.,'50',555,269,286,7,5,2,56,23,33,36,12,24,76,38,38,341,174,167,,,,,,,,,,22,12,10,17,5,122007-2008,100751,The University of Alabama,Bachelor's degree,First major,Business- management- marketing- and related support services.,'52',953,586,367,2,1,1,5,3,2,74,29,45,6,0,6,854,545,309,0,0,0,0,0,0,0,0,0,0,0,0,12,8,42007-2008,243744,Stanford University,Bachelor's degree,First major,Liberal arts and sciences- general studies and humanities.,'24',5,1,4,0,0,0,1,0,1,0,0,0,1,0,1,2,1,1,,,,,,,,,,1,0,1,0,0,02007-2008,209542,Oregon State University,Bachelor's degree,First major,English language and literature/letters.,'23',132,53,79,0,0,0,2,1,1,2,0,2,4,2,2,112,43,69,,,,,,,,,,12,7,5,0,0,02007-2008,228778,The University of Texas at Austin,Bachelor's degree,First major,Business- management- marketing- and related support services.,'52',1092,563,529,5,3,2,280,140,140,30,13,17,120,57,63,628,335,293,,,,,,,,,,2,1,1,27,14,132007-2008,139959,University of Georgia,Bachelor's degree,First major,Business- management- marketing- and related support services.,'52',1371,812,559,4,3,1,60,28,32,45,16,29,33,20,13,1194,723,471,,,,,,,,,,23,14,9,12,8,42007-2008,209542,Oregon State University,Bachelor's degree,First major,Natural resources and conservation.,'03',171,87,84,6,2,4,3,1,2,1,0,1,5,1,4,133,75,58,,,,,,,,,,20,7,13,3,1,22007-2008,122755,San Jose State University,Bachelor's degree,First major,Liberal arts and sciences- general studies and humanities.,'24',71,11,60,2,0,2,13,4,9,1,0,1,15,1,14,32,5,27,,,,,,,,,,8,1,7,0,0,02007-2008,152080,University of Notre Dame,Bachelor's degree,First major,English language and literature/letters.,'23',91,29,62,0,0,0,8,3,5,2,0,2,6,2,4,74,24,50,,,,,,,,,,0,0,0,1,0,12007-2008,243744,Stanford University,Bachelor's degree,First major,Physical sciences.,'40',76,43,33,0,0,0,14,8,6,1,0,1,5,2,3,43,26,17,,,,,,,,,,7,2,5,6,5,12007-2008,207388,Oklahoma State University-Main Campus,Bachelor's degree,First major,Health professions and related clinical sciences.,'51',108,28,80,11,3,8,0,0,0,6,2,4,0,0,0,88,22,66,,,,,,,,,,0,0,0,3,1,22007-2008,228778,The University of Texas at Austin,Bachelor's degree,First major,Biological and biomedical sciences.,'26',711,313,398,0,0,0,256,114,142,28,8,20,90,44,46,317,141,176,,,,,,,,,,2,2,0,18,4,142007-2008,186380,Rutgers University-New Brunswick,Bachelor's degree,First major,Architecture and related services.,'04',36,27,9,0,0,0,1,1,0,0,0,0,1,0,1,32,25,7,,,,,,,,,,1,1,0,1,0,12007-2008,135726,University of Miami,Bachelor's degree,First major,Physical sciences.,'40',33,18,15,0,0,0,0,0,0,0,0,0,10,6,4,21,10,11,,,,,,,,,,1,1,0,1,1,02007-2008,218663,University of South Carolina-Columbia,Bachelor's degree,First major,Psychology.,'42',196,48,148,2,0,2,4,3,1,45,9,36,3,0,3,120,33,87,,,,,,,,,,20,3,17,2,0,22007-2008,181464,University of Nebraska-Lincoln,Bachelor's degree,First major,Mathematics and statistics.,'27',32,18,14,0,0,0,2,2,0,0,0,0,0,0,0,24,14,10,,,,,,,,,,5,2,3,1,0,12007-2008,181464,University of Nebraska-Lincoln,Bachelor's degree,First major,Education.,'13',293,87,206,2,1,1,2,0,2,3,1,2,7,1,6,268,84,184,,,,,,,,,,9,0,9,2,0,22007-2008,199120,University of North Carolina at Chapel Hill,Bachelor's degree,First major,Parks- recreation- leisure- and fitness studies.,'31',171,62,109,2,2,0,3,1,2,39,13,26,6,3,3,119,42,77,,,,,,,,,,2,1,1,0,0,02007-2008,207388,Oklahoma State University-Main Campus,Bachelor's degree,First major,Liberal arts and sciences- general studies and humanities.,'24',108,61,47,8,3,5,0,0,0,8,5,3,7,3,4,83,50,33,,,,,,,,,,0,0,0,2,0,22007-2008,228778,The University of Texas at Austin,Bachelor's degree,First major,Philosophy and religious studies.,'38',96,67,29,0,0,0,12,8,4,1,0,1,14,9,5,67,49,18,,,,,,,,,,1,0,1,1,1,02007-2008,207388,Oklahoma State University-Main Campus,Bachelor's degree,First major,Physical sciences.,'40',28,16,12,2,2,0,0,0,0,0,0,0,3,1,2,22,13,9,,,,,,,,,,0,0,0,1,0,12007-2008,228723,Texas A & M University-College Station,Bachelor's degree,First major,Area- ethnic- cultural- and gender studies.,'05',5,0,5,1,0,1,0,0,0,0,0,0,1,0,1,3,0,3,,,,,,,,,,0,0,0,0,0,02007-2008,228723,Texas A & M University-College Station,Bachelor's degree,First major,Multi/interdisciplinary studies.,'30',763,111,652,2,1,1,13,2,11,15,5,10,78,20,58,653,82,571,,,,,,,,,,1,1,0,1,0,12007-2008,207388,Oklahoma State University-Main Campus,Bachelor's degree,First major,Foreign languages- literatures- and linguistics.,'16',32,10,22,3,2,1,0,0,0,1,0,1,2,0,2,26,8,18,,,,,,,,,,0,0,0,0,0,02007-2008,100858,Auburn University,Bachelor's degree,First major,Business- management- marketing- and related support services.,'52',923,582,341,2,0,2,18,7,11,34,21,13,17,13,4,825,522,303,,,,,,,,,,15,13,2,12,6,62007-2008,181464,University of Nebraska-Lincoln,Bachelor's degree,First major,English language and literature/letters.,'23',81,34,47,1,0,1,1,0,1,1,1,0,3,1,2,65,28,37,,,,,,,,,,10,4,6,0,0,02007-2008,134097,Florida State University,Bachelor's degree,First major,Biological and biomedical sciences.,'26',279,118,161,2,0,2,23,11,12,33,11,22,30,10,20,188,85,103,,,,,,,,,,0,0,0,3,1,22007-2008,134130,University of Florida,Bachelor's degree,First major,Agriculture- agriculture operations- and related sciences.,'01',571,213,358,2,0,2,67,19,48,46,23,23,69,29,40,374,137,237,,,,,,,,,,5,2,3,8,3,52007-2008,142115,Boise State University,Bachelor's degree,First major,Business- management- marketing- and related support services.,'52',404,238,166,2,1,1,16,8,8,4,2,2,24,14,10,332,200,132,,,,,,,,,,14,8,6,12,5,72007-2008,100858,Auburn University,Bachelor's degree,First major,Family and consumer sciences/human sciences.,'19',152,5,147,0,0,0,1,0,1,10,1,9,3,0,3,136,4,132,,,,,,,,,,1,0,1,1,0,12007-2008,228723,Texas A & M University-College Station,Bachelor's degree,First major,Agriculture- agriculture operations- and related sciences.,'01',1023,609,414,6,3,3,12,8,4,32,20,12,80,41,39,886,534,352,,,,,,,,,,1,0,1,6,3,32007-2008,122755,San Jose State University,Bachelor's degree,First major,History,'54',40,22,18,0,0,0,3,1,2,0,0,0,8,5,3,17,8,9,,,,,,,,,,12,8,4,0,0,02007-2008,199120,University of North Carolina at Chapel Hill,Bachelor's degree,First major,Physical sciences.,'40',124,71,53,1,1,0,24,10,14,6,3,3,2,0,2,83,53,30,,,,,,,,,,7,3,4,1,1,02007-2008,122755,San Jose State University,Bachelor's degree,First major,Public administration and social service professions.,'44',59,10,49,0,0,0,17,4,13,4,1,3,20,2,18,14,2,12,,,,,,,,,,4,1,3,0,0,02007-2008,142115,Boise State University,Bachelor's degree,First major,English language and literature/letters.,'23',69,25,44,1,0,1,0,0,0,0,0,0,0,0,0,62,23,39,,,,,,,,,,5,2,3,1,0,12007-2008,209551,University of Oregon,Bachelor's degree,First major,Area- ethnic- cultural- and gender studies.,'05',37,13,24,0,0,0,6,4,2,4,1,3,4,1,3,20,4,16,,,,,,,,,,2,2,0,1,1,02007-2008,152080,University of Notre Dame,Bachelor's degree,First major,Theology and religious vocations.,'39',31,14,17,0,0,0,2,1,1,1,1,0,3,1,2,25,11,14,,,,,,,,,,0,0,0,0,0,02007-2008,134130,University of Florida,Bachelor's degree,First major,Biological and biomedical sciences.,'26',248,122,126,0,0,0,42,26,16,12,5,7,42,21,21,143,63,80,,,,,,,,,,6,4,2,3,3,02007-2008,100858,Auburn University,Bachelor's degree,First major,Natural resources and conservation.,'03',62,49,13,0,0,0,0,0,0,2,1,1,0,0,0,60,48,12,,,,,,,,,,0,0,0,0,0,02007-2008,218663,University of South Carolina-Columbia,Bachelor's degree,First major,Mathematics and statistics.,'27',39,25,14,0,0,0,0,0,0,3,2,1,0,0,0,29,18,11,,,,,,,,,,5,3,2,2,2,02007-2008,198419,Duke University,Bachelor's degree,First major,Public administration and social service professions.,'44',133,64,69,0,0,0,10,6,4,15,6,9,5,3,2,92,41,51,,,,,,,,,,9,8,1,2,0,22007-2008,134130,University of Florida,Bachelor's degree,First major,Physical sciences.,'40',170,118,52,1,0,1,25,16,9,8,4,4,22,16,6,110,78,32,,,,,,,,,,2,2,0,2,2,02007-2008,228246,Southern Methodist University,Bachelor's degree,First major,Multi/interdisciplinary studies.,'30',28,6,22,0,0,0,5,1,4,1,0,1,2,0,2,18,5,13,,,,,,,,,,0,0,0,2,0,22007-2008,135726,University of Miami,Bachelor's degree,First major,Parks- recreation- leisure- and fitness studies.,'31',55,32,23,0,0,0,0,0,0,7,3,4,12,9,3,31,18,13,,,,,,,,,,4,2,2,1,0,12007-2008,123961,University of Southern California,Bachelor's degree,First major,Health professions and related clinical sciences.,'51',168,38,130,0,0,0,55,15,40,12,2,10,32,10,22,59,11,48,,,,,,,,,,5,0,5,5,0,52007-2008,131496,Georgetown University,Bachelor's degree,First major,Mathematics and statistics.,'27',18,13,5,0,0,0,2,2,0,0,0,0,1,0,1,14,10,4,,,,,,,,,,0,0,0,1,1,02007-2008,228723,Texas A & M University-College Station,Bachelor's degree,First major,Parks- recreation- leisure- and fitness studies.,'31',439,211,228,4,4,0,8,4,4,13,4,9,35,21,14,378,177,201,,,,,,,,,,0,0,0,1,1,02007-2008,123961,University of Southern California,Bachelor's degree,First major,Computer and information sciences and support services.,'11',56,42,14,0,0,0,16,10,6,4,3,1,6,5,1,19,16,3,,,,,,,,,,3,2,1,8,6,22007-2008,199120,University of North Carolina at Chapel Hill,Bachelor's degree,First major,Communication- journalism- and related programs.,'09',554,155,399,3,1,2,19,2,17,56,16,40,12,3,9,451,126,325,,,,,,,,,,12,6,6,1,1,02007-2008,228246,Southern Methodist University,Bachelor's degree,First major,Visual and performing arts.,'50',134,47,87,0,0,0,4,2,2,8,2,6,13,4,9,108,38,70,,,,,,,,,,0,0,0,1,1,02007-2008,142115,Boise State University,Bachelor's degree,First major,Psychology.,'42',101,29,72,3,2,1,4,2,2,2,2,0,6,0,6,83,23,60,,,,,,,,,,3,0,3,0,0,02007-2008,221999,Vanderbilt University,Bachelor's degree,First major,Area- ethnic- cultural- and gender studies.,'05',14,8,6,0,0,0,1,1,0,3,1,2,2,2,0,7,3,4,,,,,,,,,,1,1,0,0,0,02007-2008,228723,Texas A & M University-College Station,Bachelor's degree,First major,Computer and information sciences and support services.,'11',61,59,2,0,0,0,5,4,1,3,3,0,4,4,0,49,48,1,,,,,,,,,,0,0,0,0,0,02007-2008,142115,Boise State University,Bachelor's degree,First major,Visual and performing arts.,'50',95,31,64,0,0,0,3,0,3,2,1,1,5,2,3,76,26,50,,,,,,,,,,9,2,7,0,0,02007-2008,207388,Oklahoma State University-Main Campus,Bachelor's degree,First major,Architecture and related services.,'04',37,24,13,1,0,1,1,1,0,0,0,0,3,2,1,30,20,10,,,,,,,,,,0,0,0,2,1,12007-2008,198419,Duke University,Bachelor's degree,First major,English language and literature/letters.,'23',81,24,57,1,0,1,7,2,5,12,1,11,5,0,5,47,16,31,,,,,,,,,,7,3,4,2,2,02007-2008,181464,University of Nebraska-Lincoln,Bachelor's degree,First major,Psychology.,'42',193,56,137,3,1,2,5,3,2,4,1,3,3,1,2,162,45,117,,,,,,,,,,15,5,10,1,0,12007-2008,207388,Oklahoma State University-Main Campus,Bachelor's degree,First major,Psychology.,'42',144,48,96,17,5,12,1,1,0,6,0,6,1,1,0,115,41,74,,,,,,,,,,0,0,0,4,0,42007-2008,170976,University of Michigan-Ann Arbor,Bachelor's degree,First major,Communication- journalism- and related programs.,'09',140,27,113,3,1,2,8,0,8,9,1,8,5,1,4,99,22,77,,,,,,,,,,10,0,10,6,2,42007-2008,207388,Oklahoma State University-Main Campus,Bachelor's degree,First major,Natural resources and conservation.,'03',41,27,14,2,1,1,1,1,0,0,0,0,1,1,0,36,23,13,,,,,,,,,,0,0,0,1,1,02007-2008,100751,The University of Alabama,Bachelor's degree,First major,Public administration and social service professions.,'44',35,4,31,0,0,0,0,0,0,13,0,13,0,0,0,21,3,18,0,0,0,0,0,0,0,0,0,0,0,0,1,1,02007-2008,100858,Auburn University,Bachelor's degree,First major,Mathematics and statistics.,'27',17,9,8,0,0,0,1,0,1,2,2,0,0,0,0,14,7,7,,,,,,,,,,0,0,0,0,0,02007-2008,139959,University of Georgia,Bachelor's degree,First major,Social sciences.,'45',676,338,338,2,1,1,35,17,18,34,14,20,21,10,11,566,291,275,,,,,,,,,,14,3,11,4,2,22007-2008,100858,Auburn University,Bachelor's degree,First major,Computer and information sciences and support services.,'11',10,7,3,0,0,0,1,1,0,3,1,2,0,0,0,6,5,1,,,,,,,,,,0,0,0,0,0,02007-2008,142115,Boise State University,Bachelor's degree,First major,Computer and information sciences and support services.,'11',42,36,6,0,0,0,1,1,0,0,0,0,3,1,2,32,29,3,,,,,,,,,,4,3,1,2,2,02007-2008,122755,San Jose State University,Bachelor's degree,First major,Psychology.,'42',196,50,146,3,0,3,38,13,25,8,2,6,45,9,36,69,17,52,,,,,,,,,,28,9,19,5,0,52007-2008,170976,University of Michigan-Ann Arbor,Bachelor's degree,First major,Business- management- marketing- and related support services.,'52',401,220,181,0,0,0,60,33,27,17,9,8,19,12,7,253,136,117,,,,,,,,,,23,11,12,29,19,102007-2008,122755,San Jose State University,Bachelor's degree,First major,English language and literature/letters.,'23',161,58,103,1,1,0,24,13,11,5,2,3,21,3,18,86,27,59,,,,,,,,,,24,12,12,0,0,02007-2008,100751,The University of Alabama,Bachelor's degree,First major,Education.,'13',218,55,163,1,1,0,0,0,0,17,7,10,1,0,1,197,47,150,0,0,0,0,0,0,0,0,0,0,0,0,2,0,22007-2008,207388,Oklahoma State University-Main Campus,Bachelor's degree,First major,Engineering technologies/technicians.,'15',114,104,10,9,9,0,1,1,0,0,0,0,1,1,0,100,90,10,,,,,,,,,,0,0,0,3,3,02007-2008,135726,University of Miami,Bachelor's degree,First major,Visual and performing arts.,'50',240,126,114,0,0,0,4,3,1,6,3,3,51,25,26,164,86,78,,,,,,,,,,9,5,4,6,4,22007-2008,135726,University of Miami,Bachelor's degree,First major,Health professions and related clinical sciences.,'51',222,31,191,0,0,0,11,1,10,46,4,42,71,16,55,72,8,64,,,,,,,,,,18,2,16,4,0,42007-2008,100858,Auburn University,Bachelor's degree,First major,Visual and performing arts.,'50',145,52,93,0,0,0,2,1,1,3,2,1,8,4,4,128,43,85,,,,,,,,,,3,2,1,1,0,12007-2008,228246,Southern Methodist University,Bachelor's degree,First major,Psychology.,'42',98,18,80,0,0,0,3,0,3,5,1,4,10,2,8,78,15,63,,,,,,,,,,0,0,0,2,0,22007-2008,123961,University of Southern California,Bachelor's degree,First major,Natural resources and conservation.,'03',7,4,3,0,0,0,0,0,0,0,0,0,1,0,1,5,4,1,,,,,,,,,,1,0,1,0,0,02007-2008,135726,University of Miami,Bachelor's degree,First major,Architecture and related services.,'04',65,39,26,0,0,0,2,1,1,2,2,0,24,14,10,31,19,12,,,,,,,,,,0,0,0,6,3,32007-2008,152080,University of Notre Dame,Bachelor's degree,First major,Visual and performing arts.,'50',96,25,71,3,1,2,9,1,8,6,4,2,9,3,6,65,14,51,,,,,,,,,,0,0,0,4,2,22007-2008,134130,University of Florida,Bachelor's degree,First major,Philosophy and religious studies.,'38',53,34,19,1,1,0,2,1,1,3,1,2,4,4,0,40,26,14,,,,,,,,,,3,1,2,0,0,02007-2008,207388,Oklahoma State University-Main Campus,Bachelor's degree,First major,Biological and biomedical sciences.,'26',186,77,109,21,14,7,6,2,4,5,1,4,3,1,2,141,56,85,,,,,,,,,,0,0,0,10,3,72007-2008,139959,University of Georgia,Bachelor's degree,First major,Engineering.,'14',27,23,4,0,0,0,2,1,1,0,0,0,2,1,1,22,20,2,,,,,,,,,,1,1,0,0,0,02007-2008,181464,University of Nebraska-Lincoln,Bachelor's degree,First major,Agriculture- agriculture operations- and related sciences.,'01',196,132,64,0,0,0,2,0,2,0,0,0,0,0,0,184,127,57,,,,,,,,,,10,5,5,0,0,02007-2008,135726,University of Miami,Bachelor's degree,First major,Psychology.,'42',190,32,158,1,0,1,10,5,5,19,2,17,59,6,53,84,16,68,,,,,,,,,,13,3,10,4,0,42007-2008,198419,Duke University,Bachelor's degree,First major,Philosophy and religious studies.,'38',28,18,10,1,0,1,6,3,3,2,2,0,1,1,0,15,10,5,,,,,,,,,,3,2,1,0,0,02007-2008,198419,Duke University,Bachelor's degree,First major,Foreign languages- literatures- and linguistics.,'16',21,4,17,0,0,0,2,0,2,2,0,2,1,0,1,14,3,11,,,,,,,,,,1,1,0,1,0,12007-2008,123961,University of Southern California,Bachelor's degree,First major,History,'54',50,33,17,1,1,0,4,2,2,2,2,0,9,7,2,34,21,13,,,,,,,,,,0,0,0,0,0,02007-2008,207500,University of Oklahoma Norman Campus,Bachelor's degree,First major,Engineering.,'14',354,274,80,24,18,6,31,25,6,14,6,8,12,8,4,248,200,48,,,,,,,,,,0,0,0,25,17,82007-2008,221999,Vanderbilt University,Bachelor's degree,First major,Social sciences.,'45',535,241,294,0,0,0,26,14,12,42,23,19,27,15,12,383,168,215,,,,,,,,,,52,18,34,5,3,22007-2008,157289,University of Louisville,Bachelor's degree,First major,Foreign languages- literatures- and linguistics.,'16',29,10,19,0,0,0,0,0,0,4,0,4,3,1,2,22,9,13,,,,,,,,,,0,0,0,0,0,02007-2008,217882,Clemson University,Bachelor's degree,First major,Mathematics and statistics.,'27',17,11,6,0,0,0,0,0,0,1,1,0,0,0,0,14,9,5,,,,,,,,,,2,1,1,0,0,02007-2008,204796,Ohio State University-Main Campus,Bachelor's degree,First major,Foreign languages- literatures- and linguistics.,'16',236,90,146,3,2,1,11,5,6,15,6,9,16,8,8,177,64,113,,,,,,,,,,10,4,6,4,1,32007-2008,228246,Southern Methodist University,Bachelor's degree,First major,English language and literature/letters.,'23',61,17,44,0,0,0,2,0,2,4,2,2,3,0,3,52,15,37,,,,,,,,,,0,0,0,0,0,02007-2008,134097,Florida State University,Bachelor's degree,First major,Family and consumer sciences/human sciences.,'19',476,62,414,2,1,1,16,3,13,58,4,54,60,7,53,335,46,289,,,,,,,,,,4,1,3,1,0,12007-2008,155399,Kansas State University,Bachelor's degree,First major,Multi/interdisciplinary studies.,'30',44,14,30,0,0,0,2,1,1,1,1,0,4,1,3,36,11,25,,,,,,,,,,1,0,1,0,0,02007-2008,181464,University of Nebraska-Lincoln,Bachelor's degree,First major,Social sciences.,'45',208,108,100,1,1,0,8,3,5,10,9,1,5,3,2,163,82,81,,,,,,,,,,15,9,6,6,1,52007-2008,181464,University of Nebraska-Lincoln,Bachelor's degree,First major,Physical sciences.,'40',36,23,13,0,0,0,4,3,1,1,0,1,2,0,2,28,19,9,,,,,,,,,,0,0,0,1,1,02007-2008,209551,University of Oregon,Bachelor's degree,First major,Architecture and related services.,'04',90,39,51,0,0,0,7,3,4,2,1,1,4,1,3,67,31,36,,,,,,,,,,7,2,5,3,1,22007-2008,186380,Rutgers University-New Brunswick,Bachelor's degree,First major,Security and protective services.,'43',219,134,85,0,0,0,23,13,10,33,18,15,34,16,18,118,80,38,,,,,,,,,,11,7,4,0,0,02007-2008,221999,Vanderbilt University,Bachelor's degree,First major,English language and literature/letters.,'23',73,29,44,0,0,0,3,1,2,9,2,7,0,0,0,54,22,32,,,,,,,,,,7,4,3,0,0,02007-2008,181464,University of Nebraska-Lincoln,Bachelor's degree,First major,Engineering technologies/technicians.,'15',90,87,3,0,0,0,0,0,0,1,1,0,2,2,0,82,79,3,,,,,,,,,,5,5,0,0,0,02007-2008,134130,University of Florida,Bachelor's degree,First major,Visual and performing arts.,'50',255,74,181,0,0,0,20,2,18,25,7,18,39,17,22,161,45,116,,,,,,,,,,8,2,6,2,1,12007-2008,199120,University of North Carolina at Chapel Hill,Bachelor's degree,First major,Philosophy and religious studies.,'38',52,34,18,1,0,1,1,1,0,2,2,0,1,1,0,44,28,16,,,,,,,,,,3,2,1,0,0,02007-2008,155399,Kansas State University,Bachelor's degree,First major,Area- ethnic- cultural- and gender studies.,'05',2,0,2,0,0,0,0,0,0,0,0,0,0,0,0,2,0,2,,,,,,,,,,0,0,0,0,0,02007-2008,157289,University of Louisville,Bachelor's degree,First major,Health professions and related clinical sciences.,'51',181,15,166,0,0,0,5,0,5,14,1,13,1,0,1,154,12,142,,,,,,,,,,6,2,4,1,0,12007-2008,209542,Oregon State University,Bachelor's degree,First major,Family and consumer sciences/human sciences.,'19',371,28,343,5,0,5,25,4,21,4,1,3,12,3,9,299,17,282,,,,,,,,,,23,2,21,3,1,22007-2008,207500,University of Oklahoma Norman Campus,Bachelor's degree,First major,Visual and performing arts.,'50',221,100,121,11,5,6,4,2,2,9,5,4,7,4,3,188,84,104,,,,,,,,,,0,0,0,2,0,22007-2008,199120,University of North Carolina at Chapel Hill,Bachelor's degree,First major,Computer and information sciences and support services.,'11',38,28,10,0,0,0,2,0,2,2,1,1,1,1,0,30,24,6,,,,,,,,,,1,1,0,2,1,12007-2008,147767,Northwestern University,Bachelor's degree,First major,Health professions and related clinical sciences.,'51',36,13,23,1,0,1,12,5,7,5,0,5,4,1,3,11,5,6,,,,,,,,,,2,2,0,1,0,12007-2008,155399,Kansas State University,Bachelor's degree,First major,History,'54',30,19,11,0,0,0,0,0,0,1,0,1,1,0,1,26,18,8,,,,,,,,,,2,1,1,0,0,02007-2008,135726,University of Miami,Bachelor's degree,First major,Mathematics and statistics.,'27',5,0,5,0,0,0,0,0,0,1,0,1,1,0,1,3,0,3,,,,,,,,,,0,0,0,0,0,02007-2008,218663,University of South Carolina-Columbia,Bachelor's degree,First major,Foreign languages- literatures- and linguistics.,'16',46,11,35,0,0,0,0,0,0,3,0,3,5,1,4,33,9,24,,,,,,,,,,5,1,4,0,0,02007-2008,207500,University of Oklahoma Norman Campus,Bachelor's degree,First major,Education.,'13',190,35,155,11,1,10,6,0,6,8,2,6,4,2,2,161,30,131,,,,,,,,,,0,0,0,0,0,02007-2008,139959,University of Georgia,Bachelor's degree,First major,Psychology.,'42',401,110,291,1,0,1,19,6,13,25,6,19,7,1,6,336,95,241,,,,,,,,,,11,2,9,2,0,22007-2008,186380,Rutgers University-New Brunswick,Bachelor's degree,First major,Natural resources and conservation.,'03',86,36,50,0,0,0,1,0,1,1,0,1,3,0,3,77,36,41,,,,,,,,,,3,0,3,1,0,12007-2008,204796,Ohio State University-Main Campus,Bachelor's degree,First major,Visual and performing arts.,'50',321,119,202,1,0,1,18,6,12,19,7,12,10,5,5,255,95,160,,,,,,,,,,12,4,8,6,2,42007-2008,134097,Florida State University,Bachelor's degree,First major,Security and protective services.,'43',432,242,190,3,2,1,9,6,3,72,24,48,33,20,13,307,187,120,,,,,,,,,,6,2,4,2,1,12007-2008,228723,Texas A & M University-College Station,Bachelor's degree,First major,Health professions and related clinical sciences.,'51',152,22,130,1,0,1,1,0,1,9,2,7,15,1,14,125,18,107,,,,,,,,,,1,1,0,0,0,02007-2008,230728,Utah State University,Bachelor's degree,First major,Area- ethnic- cultural- and gender studies.,'05',40,23,17,1,1,0,1,1,0,2,1,1,0,0,0,32,18,14,0,0,0,0,0,0,0,0,0,1,1,0,3,1,22007-2008,139959,University of Georgia,Bachelor's degree,First major,Visual and performing arts.,'50',269,60,209,0,0,0,9,3,6,7,1,6,4,3,1,237,49,188,,,,,,,,,,10,3,7,2,1,12007-2008,100858,Auburn University,Bachelor's degree,First major,Communication- journalism- and related programs.,'09',135,42,93,0,0,0,2,1,1,12,4,8,0,0,0,120,36,84,,,,,,,,,,1,1,0,0,0,02007-2008,207388,Oklahoma State University-Main Campus,Bachelor's degree,First major,Security and protective services.,'43',43,42,1,2,2,0,0,0,0,1,1,0,0,0,0,40,39,1,,,,,,,,,,0,0,0,0,0,02007-2008,152080,University of Notre Dame,Bachelor's degree,First major,Physical sciences.,'40',34,23,11,0,0,0,2,1,1,0,0,0,1,1,0,30,20,10,,,,,,,,,,0,0,0,1,1,02007-2008,207500,University of Oklahoma Norman Campus,Bachelor's degree,First major,English language and literature/letters.,'23',83,28,55,5,1,4,1,0,1,4,1,3,0,0,0,73,26,47,,,,,,,,,,0,0,0,0,0,02007-2008,243744,Stanford University,Bachelor's degree,First major,Philosophy and religious studies.,'38',26,18,8,0,0,0,6,4,2,1,0,1,3,3,0,13,9,4,,,,,,,,,,2,1,1,1,1,02007-2008,100751,The University of Alabama,Bachelor's degree,First major,Health professions and related clinical sciences.,'51',356,79,277,3,1,2,1,0,1,41,7,34,6,2,4,300,68,232,0,0,0,0,0,0,0,0,0,0,0,0,5,1,42007-2008,221999,Vanderbilt University,Bachelor's degree,First major,Family and consumer sciences/human sciences.,'19',12,0,12,0,0,0,0,0,0,0,0,0,0,0,0,11,0,11,,,,,,,,,,1,0,1,0,0,02007-2008,228723,Texas A & M University-College Station,Bachelor's degree,First major,Architecture and related services.,'04',140,67,73,2,1,1,13,6,7,1,1,0,16,8,8,107,51,56,,,,,,,,,,1,0,1,0,0,02007-2008,134130,University of Florida,Bachelor's degree,First major,Education.,'13',260,22,238,0,0,0,8,0,8,15,1,14,16,3,13,219,18,201,,,,,,,,,,1,0,1,1,0,12007-2008,131496,Georgetown University,Bachelor's degree,First major,Visual and performing arts.,'50',17,4,13,0,0,0,0,0,0,1,1,0,0,0,0,16,3,13,,,,,,,,,,0,0,0,0,0,02007-2008,228778,The University of Texas at Austin,Bachelor's degree,First major,Parks- recreation- leisure- and fitness studies.,'31',187,88,99,0,0,0,15,6,9,19,10,9,28,14,14,123,56,67,,,,,,,,,,1,1,0,1,1,02007-2008,159391,Louisiana State University and Agricultural & Mechanical College,Bachelor's degree,First major,Psychology.,'42',219,53,166,0,0,0,2,1,1,33,6,27,7,1,6,173,43,130,,,,,,,,,,4,2,2,0,0,02007-2008,142115,Boise State University,Bachelor's degree,First major,Natural resources and conservation.,'03',5,2,3,0,0,0,0,0,0,0,0,0,0,0,0,5,2,3,,,,,,,,,,0,0,0,0,0,02007-2008,159391,Louisiana State University and Agricultural & Mechanical College,Bachelor's degree,First major,Physical sciences.,'40',56,34,22,0,0,0,2,2,0,1,1,0,0,0,0,49,29,20,,,,,,,,,,2,2,0,2,0,22007-2008,209551,University of Oregon,Bachelor's degree,First major,English language and literature/letters.,'23',132,53,79,0,0,0,3,2,1,1,0,1,4,2,2,108,42,66,,,,,,,,,,15,6,9,1,1,02007-2008,204796,Ohio State University-Main Campus,Bachelor's degree,First major,Education.,'13',231,83,148,1,1,0,5,0,5,7,1,6,1,0,1,210,78,132,,,,,,,,,,6,3,3,1,0,12007-2008,123961,University of Southern California,Bachelor's degree,First major,Psychology.,'42',233,69,164,1,0,1,44,11,33,22,5,17,33,12,21,112,37,75,,,,,,,,,,9,1,8,12,3,92007-2008,228246,Southern Methodist University,Bachelor's degree,First major,Area- ethnic- cultural- and gender studies.,'05',1,0,1,0,0,0,0,0,0,0,0,0,0,0,0,1,0,1,,,,,,,,,,0,0,0,0,0,02007-2008,155399,Kansas State University,Bachelor's degree,First major,Biological and biomedical sciences.,'26',127,57,70,0,0,0,3,0,3,4,0,4,1,0,1,113,55,58,,,,,,,,,,4,1,3,2,1,12007-2008,198419,Duke University,Bachelor's degree,First major,Visual and performing arts.,'50',44,13,31,0,0,0,4,0,4,2,1,1,1,0,1,33,10,23,,,,,,,,,,3,1,2,1,1,02007-2008,207388,Oklahoma State University-Main Campus,Bachelor's degree,First major,Family and consumer sciences/human sciences.,'19',298,21,277,27,4,23,2,0,2,9,0,9,6,1,5,249,16,233,,,,,,,,,,0,0,0,5,0,52007-2008,155399,Kansas State University,Bachelor's degree,First major,Architecture and related services.,'04',29,22,7,1,1,0,1,1,0,2,1,1,1,1,0,21,16,5,,,,,,,,,,3,2,1,0,0,02007-2008,170976,University of Michigan-Ann Arbor,Bachelor's degree,First major,Engineering.,'14',1087,827,260,3,3,0,173,132,41,48,33,15,38,31,7,659,494,165,,,,,,,,,,29,22,7,137,112,252007-2008,135726,University of Miami,Bachelor's degree,First major,Area- ethnic- cultural- and gender studies.,'05',8,0,8,0,0,0,0,0,0,1,0,1,1,0,1,6,0,6,,,,,,,,,,0,0,0,0,0,02007-2008,228246,Southern Methodist University,Bachelor's degree,First major,History,'54',22,13,9,0,0,0,0,0,0,1,1,0,2,2,0,19,10,9,,,,,,,,,,0,0,0,0,0,02007-2008,139959,University of Georgia,Bachelor's degree,First major,Public administration and social service professions.,'44',42,7,35,0,0,0,1,1,0,6,2,4,0,0,0,35,4,31,,,,,,,,,,0,0,0,0,0,02007-2008,186380,Rutgers University-New Brunswick,Bachelor's degree,First major,Psychology.,'42',508,144,364,0,0,0,114,33,81,52,9,43,50,10,40,263,83,180,,,,,,,,,,23,8,15,6,1,52007-2008,147767,Northwestern University,Bachelor's degree,First major,Computer and information sciences and support services.,'11',18,17,1,0,0,0,2,2,0,0,0,0,2,2,0,10,9,1,,,,,,,,,,3,3,0,1,1,02007-2008,207500,University of Oklahoma Norman Campus,Bachelor's degree,First major,Communication- journalism- and related programs.,'09',413,139,274,16,3,13,17,9,8,18,6,12,21,8,13,337,113,224,,,,,,,,,,0,0,0,4,0,42007-2008,228723,Texas A & M University-College Station,Bachelor's degree,First major,Business- management- marketing- and related support services.,'52',1329,648,681,5,2,3,52,29,23,18,5,13,100,47,53,1138,558,580,,,,,,,,,,2,1,1,14,6,82007-2008,155399,Kansas State University,Bachelor's degree,First major,Education.,'13',343,81,262,2,1,1,1,1,0,4,2,2,23,6,17,302,68,234,,,,,,,,,,11,3,8,0,0,02007-2008,142115,Boise State University,Bachelor's degree,First major,Engineering.,'14',78,71,7,0,0,0,4,3,1,1,1,0,1,0,1,64,59,5,,,,,,,,,,7,7,0,1,1,02007-2008,228246,Southern Methodist University,Bachelor's degree,First major,Foreign languages- literatures- and linguistics.,'16',42,6,36,1,0,1,0,0,0,2,0,2,10,0,10,29,6,23,,,,,,,,,,0,0,0,0,0,02007-2008,218663,University of South Carolina-Columbia,Bachelor's degree,First major,Philosophy and religious studies.,'38',29,17,12,1,1,0,0,0,0,2,2,0,0,0,0,22,11,11,,,,,,,,,,4,3,1,0,0,02007-2008,100858,Auburn University,Bachelor's degree,First major,Foreign languages- literatures- and linguistics.,'16',52,14,38,0,0,0,1,0,1,0,0,0,0,0,0,51,14,37,,,,,,,,,,0,0,0,0,0,02007-2008,207500,University of Oklahoma Norman Campus,Bachelor's degree,First major,Business- management- marketing- and related support services.,'52',664,385,279,44,26,18,35,18,17,24,7,17,22,13,9,522,311,211,,,,,,,,,,0,0,0,17,10,72007-2008,228246,Southern Methodist University,Bachelor's degree,First major,Education.,'13',6,6,0,0,0,0,0,0,0,0,0,0,0,0,0,6,6,0,,,,,,,,,,0,0,0,0,0,02007-2008,155399,Kansas State University,Bachelor's degree,First major,Transportation and materials moving.,'49',35,31,4,1,1,0,0,0,0,2,2,0,2,2,0,28,25,3,,,,,,,,,,1,0,1,1,1,02007-2008,157289,University of Louisville,Bachelor's degree,First major,Mathematics and statistics.,'27',28,14,14,0,0,0,2,2,0,1,0,1,1,0,1,24,12,12,,,,,,,,,,0,0,0,0,0,02007-2008,134097,Florida State University,Bachelor's degree,First major,Visual and performing arts.,'50',451,140,311,1,0,1,10,2,8,23,6,17,44,13,31,362,114,248,,,,,,,,,,6,4,2,5,1,42007-2008,204796,Ohio State University-Main Campus,Bachelor's degree,First major,Multi/interdisciplinary studies.,'30',73,45,28,0,0,0,0,0,0,4,1,3,1,1,0,68,43,25,,,,,,,,,,0,0,0,0,0,02007-2008,170976,University of Michigan-Ann Arbor,Bachelor's degree,First major,Biological and biomedical sciences.,'26',364,166,198,2,1,1,87,39,48,14,6,8,8,3,5,231,108,123,,,,,,,,,,10,6,4,12,3,92007-2008,123961,University of Southern California,Bachelor's degree,First major,Architecture and related services.,'04',113,58,55,1,1,0,30,13,17,4,4,0,15,8,7,54,29,25,,,,,,,,,,3,1,2,6,2,42007-2008,209542,Oregon State University,Bachelor's degree,First major,Agriculture- agriculture operations- and related sciences.,'01',190,83,107,4,0,4,1,0,1,0,0,0,8,1,7,159,76,83,,,,,,,,,,14,5,9,4,1,32007-2008,134097,Florida State University,Bachelor's degree,First major,Philosophy and religious studies.,'38',61,36,25,0,0,0,1,1,0,2,1,1,11,6,5,46,27,19,,,,,,,,,,0,0,0,1,1,02007-2008,209542,Oregon State University,Bachelor's degree,First major,Biological and biomedical sciences.,'26',221,91,130,0,0,0,35,17,18,2,1,1,5,1,4,163,66,97,,,,,,,,,,14,4,10,2,2,02007-2008,181464,University of Nebraska-Lincoln,Bachelor's degree,First major,Liberal arts and sciences- general studies and humanities.,'24',4,2,2,0,0,0,0,0,0,0,0,0,0,0,0,4,2,2,,,,,,,,,,0,0,0,0,0,02007-2008,122755,San Jose State University,Bachelor's degree,First major,Philosophy and religious studies.,'38',19,11,8,0,0,0,3,3,0,2,1,1,2,0,2,6,3,3,,,,,,,,,,6,4,2,0,0,02007-2008,135726,University of Miami,Bachelor's degree,First major,Philosophy and religious studies.,'38',13,4,9,0,0,0,0,0,0,0,0,0,7,3,4,4,1,3,,,,,,,,,,2,0,2,0,0,02007-2008,217882,Clemson University,Bachelor's degree,First major,Visual and performing arts.,'50',120,47,73,2,1,1,0,0,0,6,5,1,1,1,0,99,33,66,,,,,,,,,,12,7,5,0,0,02007-2008,100858,Auburn University,Bachelor's degree,First major,Social sciences.,'45',268,155,113,0,0,0,4,2,2,34,14,20,6,4,2,221,133,88,,,,,,,,,,1,1,0,2,1,12007-2008,139959,University of Georgia,Bachelor's degree,First major,Mathematics and statistics.,'27',42,26,16,0,0,0,3,2,1,0,0,0,0,0,0,38,23,15,,,,,,,,,,1,1,0,0,0,02007-2008,155399,Kansas State University,Bachelor's degree,First major,Computer and information sciences and support services.,'11',62,58,4,0,0,0,1,1,0,2,2,0,1,1,0,54,51,3,,,,,,,,,,3,3,0,1,0,12007-2008,228246,Southern Methodist University,Bachelor's degree,First major,Engineering.,'14',76,56,20,1,1,0,5,5,0,7,3,4,6,5,1,52,38,14,,,,,,,,,,0,0,0,5,4,12007-2008,147767,Northwestern University,Bachelor's degree,First major,Social sciences.,'45',354,203,151,0,0,0,67,34,33,13,5,8,27,11,16,197,120,77,,,,,,,,,,24,19,5,26,14,122007-2008,135726,University of Miami,Bachelor's degree,First major,Biological and biomedical sciences.,'26',269,102,167,1,0,1,44,21,23,21,2,19,69,25,44,105,47,58,,,,,,,,,,17,6,11,12,1,112007-2008,199120,University of North Carolina at Chapel Hill,Bachelor's degree,First major,Business- management- marketing- and related support services.,'52',423,254,169,1,1,0,31,16,15,17,5,12,18,12,6,325,200,125,,,,,,,,,,13,10,3,18,10,82007-2008,152080,University of Notre Dame,Bachelor's degree,First major,Biological and biomedical sciences.,'26',146,60,86,2,1,1,9,3,6,5,2,3,6,3,3,119,50,69,,,,,,,,,,0,0,0,5,1,42007-2008,100751,The University of Alabama,Bachelor's degree,First major,Philosophy and religious studies.,'38',16,15,1,0,0,0,0,0,0,0,0,0,0,0,0,16,15,1,0,0,0,0,0,0,0,0,0,0,0,0,0,0,02007-2008,134130,University of Florida,Bachelor's degree,First major,English language and literature/letters.,'23',323,104,219,2,0,2,7,3,4,32,7,25,31,12,19,244,81,163,,,,,,,,,,7,1,6,0,0,02007-2008,122755,San Jose State University,Bachelor's degree,First major,Visual and performing arts.,'50',350,146,204,2,1,1,103,47,56,7,1,6,35,18,17,123,45,78,,,,,,,,,,54,22,32,26,12,142007-2008,221999,Vanderbilt University,Bachelor's degree,First major,Physical sciences.,'40',33,18,15,1,0,1,4,2,2,2,1,1,3,2,1,22,13,9,,,,,,,,,,1,0,1,0,0,02007-2008,186380,Rutgers University-New Brunswick,Bachelor's degree,First major,History,'54',248,146,102,1,1,0,15,10,5,16,4,12,21,14,7,181,108,73,,,,,,,,,,13,9,4,1,0,12007-2008,207388,Oklahoma State University-Main Campus,Bachelor's degree,First major,Computer and information sciences and support services.,'11',23,20,3,0,0,0,2,1,1,0,0,0,0,0,0,17,17,0,,,,,,,,,,0,0,0,4,2,22007-2008,139959,University of Georgia,Bachelor's degree,First major,Multi/interdisciplinary studies.,'30',76,29,47,1,1,0,3,1,2,2,0,2,1,0,1,68,26,42,,,,,,,,,,0,0,0,1,1,02007-2008,122755,San Jose State University,Bachelor's degree,First major,Mathematics and statistics.,'27',25,13,12,0,0,0,7,4,3,0,0,0,2,2,0,9,4,5,,,,,,,,,,5,1,4,2,2,02007-2008,147767,Northwestern University,Bachelor's degree,First major,Business- management- marketing- and related support services.,'52',16,5,11,0,0,0,1,1,0,1,0,1,2,1,1,5,0,5,,,,,,,,,,5,3,2,2,0,22007-2008,123961,University of Southern California,Bachelor's degree,First major,Philosophy and religious studies.,'38',42,30,12,0,0,0,4,3,1,0,0,0,5,3,2,32,24,8,,,,,,,,,,1,0,1,0,0,02007-2008,139959,University of Georgia,Bachelor's degree,First major,Liberal arts and sciences- general studies and humanities.,'24',29,7,22,1,0,1,3,1,2,0,0,0,1,0,1,20,5,15,,,,,,,,,,3,0,3,1,1,02007-2008,204796,Ohio State University-Main Campus,Bachelor's degree,First major,Area- ethnic- cultural- and gender studies.,'05',38,6,32,0,0,0,1,0,1,24,6,18,1,0,1,11,0,11,,,,,,,,,,1,0,1,0,0,02007-2008,243744,Stanford University,Bachelor's degree,First major,History,'54',43,19,24,0,0,0,6,2,4,3,0,3,7,4,3,24,12,12,,,,,,,,,,2,1,1,1,0,12007-2008,134097,Florida State University,Bachelor's degree,First major,Computer and information sciences and support services.,'11',145,122,23,4,3,1,6,4,2,24,20,4,16,12,4,90,78,12,,,,,,,,,,3,3,0,2,2,02007-2008,209542,Oregon State University,Bachelor's degree,First major,Health professions and related clinical sciences.,'51',74,17,57,0,0,0,7,3,4,1,1,0,5,3,2,58,8,50,,,,,,,,,,3,2,1,0,0,02007-2008,207388,Oklahoma State University-Main Campus,Bachelor's degree,First major,Social sciences.,'45',183,100,83,24,7,17,0,0,0,11,7,4,2,1,1,142,82,60,,,,,,,,,,0,0,0,4,3,12007-2008,134130,University of Florida,Bachelor's degree,First major,Security and protective services.,'43',7,5,2,0,0,0,0,0,0,0,0,0,1,1,0,6,4,2,,,,,,,,,,0,0,0,0,0,02007-2008,209551,University of Oregon,Bachelor's degree,First major,Biological and biomedical sciences.,'26',206,84,122,1,0,1,20,7,13,0,0,0,5,2,3,153,66,87,,,,,,,,,,17,5,12,10,4,62007-2008,159391,Louisiana State University and Agricultural & Mechanical College,Bachelor's degree,First major,English language and literature/letters.,'23',286,100,186,1,0,1,2,1,1,28,7,21,8,3,5,235,85,150,,,,,,,,,,11,4,7,1,0,12007-2008,147767,Northwestern University,Bachelor's degree,First major,Legal professions and studies.,'22',0,0,0,0,0,0,0,0,0,0,0,0,0,0,0,0,0,0,,,,,,,,,,0,0,0,0,0,02007-2008,142115,Boise State University,Bachelor's degree,First major,Biological and biomedical sciences.,'26',53,28,25,1,1,0,1,0,1,1,0,1,1,0,1,41,23,18,,,,,,,,,,4,2,2,4,2,22007-2008,139959,University of Georgia,Bachelor's degree,First major,Security and protective services.,'43',62,32,30,0,0,0,4,1,3,5,3,2,1,1,0,50,26,24,,,,,,,,,,2,1,1,0,0,02007-2008,181464,University of Nebraska-Lincoln,Bachelor's degree,First major,Area- ethnic- cultural- and gender studies.,'05',9,0,9,0,0,0,1,0,1,0,0,0,2,0,2,6,0,6,,,,,,,,,,0,0,0,0,0,02007-2008,159391,Louisiana State University and Agricultural & Mechanical College,Bachelor's degree,First major,Agriculture- agriculture operations- and related sciences.,'01',165,78,87,1,1,0,2,1,1,13,5,8,5,1,4,134,67,67,,,,,,,,,,8,3,5,2,0,22007-2008,228723,Texas A & M University-College Station,Bachelor's degree,First major,Visual and performing arts.,'50',11,3,8,0,0,0,0,0,0,1,0,1,3,1,2,7,2,5,,,,,,,,,,0,0,0,0,0,02007-2008,209542,Oregon State University,Bachelor's degree,First major,Social sciences.,'45',166,85,81,1,1,0,4,1,3,3,2,1,8,3,5,132,72,60,,,,,,,,,,16,6,10,2,0,22007-2008,147767,Northwestern University,Bachelor's degree,First major,Natural resources and conservation.,'03',6,4,2,0,0,0,1,1,0,0,0,0,0,0,0,4,2,2,,,,,,,,,,1,1,0,0,0,02007-2008,131496,Georgetown University,Bachelor's degree,First major,Physical sciences.,'40',17,10,7,0,0,0,2,1,1,1,1,0,0,0,0,12,8,4,,,,,,,,,,0,0,0,2,0,22007-2008,228246,Southern Methodist University,Bachelor's degree,First major,Biological and biomedical sciences.,'26',59,25,34,0,0,0,12,6,6,4,1,3,6,4,2,34,13,21,,,,,,,,,,0,0,0,3,1,22007-2008,218663,University of South Carolina-Columbia,Bachelor's degree,First major,Health professions and related clinical sciences.,'51',167,19,148,0,0,0,4,0,4,22,0,22,1,1,0,127,15,112,,,,,,,,,,13,3,10,0,0,02007-2008,159391,Louisiana State University and Agricultural & Mechanical College,Bachelor's degree,First major,Multi/interdisciplinary studies.,'30',51,16,35,1,1,0,4,1,3,5,0,5,3,1,2,37,12,25,,,,,,,,,,1,1,0,0,0,02007-2008,135726,University of Miami,Bachelor's degree,First major,Natural resources and conservation.,'03',16,4,12,1,0,1,0,0,0,2,2,0,2,0,2,11,2,9,,,,,,,,,,0,0,0,0,0,02007-2008,228723,Texas A & M University-College Station,Bachelor's degree,First major,Foreign languages- literatures- and linguistics.,'16',33,10,23,0,0,0,2,0,2,0,0,0,13,7,6,18,3,15,,,,,,,,,,0,0,0,0,0,02007-2008,218663,University of South Carolina-Columbia,Bachelor's degree,First major,Business- management- marketing- and related support services.,'52',952,515,437,4,3,1,26,13,13,102,51,51,15,5,10,661,357,304,,,,,,,,,,122,70,52,22,16,62007-2008,209551,University of Oregon,Bachelor's degree,First major,Public administration and social service professions.,'44',110,33,77,4,2,2,2,1,1,7,2,5,4,2,2,80,21,59,,,,,,,,,,12,4,8,1,1,02007-2008,199120,University of North Carolina at Chapel Hill,Bachelor's degree,First major,Area- ethnic- cultural- and gender studies.,'05',184,54,130,3,0,3,12,3,9,22,9,13,9,4,5,122,30,92,,,,,,,,,,12,6,6,4,2,22007-2008,142115,Boise State University,Bachelor's degree,First major,Multi/interdisciplinary studies.,'30',66,43,23,1,1,0,1,0,1,1,1,0,2,1,1,59,40,19,,,,,,,,,,2,0,2,0,0,02007-2008,209551,University of Oregon,Bachelor's degree,First major,Natural resources and conservation.,'03',54,25,29,0,0,0,0,0,0,0,0,0,1,1,0,41,19,22,,,,,,,,,,11,5,6,1,0,12007-2008,147767,Northwestern University,Bachelor's degree,First major,Education.,'13',14,2,12,0,0,0,0,0,0,0,0,0,0,0,0,14,2,12,,,,,,,,,,0,0,0,0,0,02007-2008,142115,Boise State University,Bachelor's degree,First major,Health professions and related clinical sciences.,'51',198,54,144,2,1,1,3,1,2,1,1,0,9,1,8,160,37,123,,,,,,,,,,11,1,10,12,12,02007-2008,123961,University of Southern California,Bachelor's degree,First major,Mathematics and statistics.,'27',31,18,13,0,0,0,7,4,3,0,0,0,1,1,0,15,12,3,,,,,,,,,,1,0,1,7,1,62007-2008,217882,Clemson University,Bachelor's degree,First major,Architecture and related services.,'04',89,56,33,0,0,0,0,0,0,8,3,5,2,1,1,69,44,25,,,,,,,,,,10,8,2,0,0,02007-2008,100858,Auburn University,Bachelor's degree,First major,English language and literature/letters.,'23',148,51,97,0,0,0,1,1,0,9,4,5,2,2,0,136,44,92,,,,,,,,,,0,0,0,0,0,02007-2008,152080,University of Notre Dame,Bachelor's degree,First major,Foreign languages- literatures- and linguistics.,'16',53,19,34,0,0,0,2,1,1,1,0,1,8,2,6,40,16,24,,,,,,,,,,0,0,0,2,0,22007-2008,181464,University of Nebraska-Lincoln,Bachelor's degree,First major,Natural resources and conservation.,'03',44,24,20,0,0,0,1,0,1,0,0,0,0,0,0,39,23,16,,,,,,,,,,4,1,3,0,0,02007-2008,217882,Clemson University,Bachelor's degree,First major,Philosophy and religious studies.,'38',15,7,8,0,0,0,0,0,0,1,0,1,0,0,0,14,7,7,,,,,,,,,,0,0,0,0,0,02007-2008,221999,Vanderbilt University,Bachelor's degree,First major,Visual and performing arts.,'50',61,25,36,0,0,0,1,1,0,4,2,2,2,1,1,50,21,29,,,,,,,,,,3,0,3,1,0,12007-2008,159391,Louisiana State University and Agricultural & Mechanical College,Bachelor's degree,First major,Foreign languages- literatures- and linguistics.,'16',46,21,25,0,0,0,1,0,1,2,1,1,3,1,2,36,17,19,,,,,,,,,,2,2,0,2,0,22007-2008,170976,University of Michigan-Ann Arbor,Bachelor's degree,First major,Natural resources and conservation.,'03',69,13,56,0,0,0,3,0,3,1,0,1,0,0,0,59,12,47,,,,,,,,,,4,1,3,2,0,22007-2008,228246,Southern Methodist University,Bachelor's degree,First major,Natural resources and conservation.,'03',2,0,2,0,0,0,0,0,0,0,0,0,0,0,0,2,0,2,,,,,,,,,,0,0,0,0,0,02007-2008,152080,University of Notre Dame,Bachelor's degree,First major,Area- ethnic- cultural- and gender studies.,'05',34,10,24,0,0,0,0,0,0,11,2,9,1,0,1,22,8,14,,,,,,,,,,0,0,0,0,0,02007-2008,230728,Utah State University,Bachelor's degree,First major,Computer and information sciences and support services.,'11',82,73,9,0,0,0,2,1,1,0,0,0,1,1,0,72,66,6,0,0,0,0,0,0,0,0,0,1,1,0,6,4,22007-2008,198419,Duke University,Bachelor's degree,First major,Computer and information sciences and support services.,'11',9,6,3,0,0,0,2,1,1,3,1,2,1,1,0,2,2,0,,,,,,,,,,0,0,0,1,1,02007-2008,100751,The University of Alabama,Bachelor's degree,First major,Biological and biomedical sciences.,'26',109,53,56,0,0,0,1,1,0,12,2,10,3,2,1,93,48,45,0,0,0,0,0,0,0,0,0,0,0,0,0,0,02007-2008,131496,Georgetown University,Bachelor's degree,First major,Business- management- marketing- and related support services.,'52',329,185,144,1,0,1,32,12,20,18,8,10,16,8,8,232,142,90,,,,,,,,,,6,4,2,24,11,132007-2008,207388,Oklahoma State University-Main Campus,Bachelor's degree,First major,Area- ethnic- cultural- and gender studies.,'05',7,1,6,1,0,1,0,0,0,0,0,0,0,0,0,6,1,5,,,,,,,,,,0,0,0,0,0,02007-2008,230728,Utah State University,Bachelor's degree,First major,Multi/interdisciplinary studies.,'30',204,106,98,0,0,0,4,2,2,10,8,2,4,4,0,105,49,56,0,0,0,0,0,0,0,0,0,3,2,1,78,41,372007-2008,186380,Rutgers University-New Brunswick,Bachelor's degree,First major,Mathematics and statistics.,'27',80,44,36,0,0,0,22,11,11,4,1,3,1,1,0,46,28,18,,,,,,,,,,2,0,2,5,3,22007-2008,217882,Clemson University,Bachelor's degree,First major,Computer and information sciences and support services.,'11',57,53,4,0,0,0,1,1,0,4,2,2,1,1,0,47,45,2,,,,,,,,,,4,4,0,0,0,02007-2008,186380,Rutgers University-New Brunswick,Bachelor's degree,First major,Visual and performing arts.,'50',217,79,138,0,0,0,21,7,14,15,9,6,24,5,19,146,54,92,,,,,,,,,,11,4,7,0,0,02007-2008,122755,San Jose State University,Bachelor's degree,First major,Engineering.,'14',482,390,92,0,0,0,254,200,54,12,12,0,60,46,14,77,68,9,,,,,,,,,,50,40,10,29,24,52007-2008,134097,Florida State University,Bachelor's degree,First major,Parks- recreation- leisure- and fitness studies.,'31',247,77,170,0,0,0,6,4,2,36,10,26,18,8,10,183,54,129,,,,,,,,,,3,1,2,1,0,12007-2008,207500,University of Oklahoma Norman Campus,Bachelor's degree,First major,History,'54',76,57,19,3,2,1,3,3,0,2,1,1,2,1,1,65,49,16,,,,,,,,,,0,0,0,1,1,02007-2008,228778,The University of Texas at Austin,Bachelor's degree,First major,Public administration and social service professions.,'44',64,4,60,0,0,0,8,0,8,4,0,4,14,3,11,35,1,34,,,,,,,,,,0,0,0,3,0,32007-2008,228778,The University of Texas at Austin,Bachelor's degree,First major,Foreign languages- literatures- and linguistics.,'16',298,105,193,1,0,1,38,17,21,5,2,3,71,29,42,174,54,120,,,,,,,,,,3,0,3,6,3,32007-2008,186380,Rutgers University-New Brunswick,Bachelor's degree,First major,English language and literature/letters.,'23',268,94,174,0,0,0,42,16,26,22,7,15,20,8,12,170,56,114,,,,,,,,,,13,6,7,1,1,02007-2008,207500,University of Oklahoma Norman Campus,Bachelor's degree,First major,Transportation and materials moving.,'49',38,35,3,3,3,0,0,0,0,1,1,0,2,2,0,32,29,3,,,,,,,,,,0,0,0,0,0,02007-2008,159391,Louisiana State University and Agricultural & Mechanical College,Bachelor's degree,First major,Natural resources and conservation.,'03',44,33,11,0,0,0,0,0,0,3,1,2,0,0,0,40,31,9,,,,,,,,,,1,1,0,0,0,02007-2008,159391,Louisiana State University and Agricultural & Mechanical College,Bachelor's degree,First major,Mathematics and statistics.,'27',36,17,19,0,0,0,2,0,2,2,2,0,2,1,1,25,12,13,,,,,,,,,,1,1,0,4,1,32007-2008,159391,Louisiana State University and Agricultural & Mechanical College,Bachelor's degree,First major,Business- management- marketing- and related support services.,'52',932,522,410,4,3,1,18,8,10,48,20,28,21,10,11,806,459,347,,,,,,,,,,20,14,6,15,8,72007-2008,142115,Boise State University,Bachelor's degree,First major,Public administration and social service professions.,'44',47,8,39,1,0,1,1,0,1,0,0,0,3,1,2,40,7,33,,,,,,,,,,2,0,2,0,0,02007-2008,207500,University of Oklahoma Norman Campus,Bachelor's degree,First major,Liberal arts and sciences- general studies and humanities.,'24',331,139,192,15,6,9,5,1,4,25,9,16,11,5,6,273,117,156,,,,,,,,,,0,0,0,2,1,12007-2008,152080,University of Notre Dame,Bachelor's degree,First major,Philosophy and religious studies.,'38',36,25,11,1,0,1,2,2,0,0,0,0,5,3,2,27,19,8,,,,,,,,,,0,0,0,1,1,02007-2008,204796,Ohio State University-Main Campus,Bachelor's degree,First major,Parks- recreation- leisure- and fitness studies.,'31',82,59,23,0,0,0,0,0,0,6,4,2,3,2,1,69,51,18,,,,,,,,,,3,1,2,1,1,02007-2008,204796,Ohio State University-Main Campus,Bachelor's degree,First major,Agriculture- agriculture operations- and related sciences.,'01',343,210,133,1,0,1,3,1,2,11,9,2,7,4,3,309,190,119,,,,,,,,,,4,2,2,8,4,42007-2008,155399,Kansas State University,Bachelor's degree,First major,Psychology.,'42',80,24,56,0,0,0,1,0,1,2,1,1,3,1,2,70,21,49,,,,,,,,,,4,1,3,0,0,02007-2008,134097,Florida State University,Bachelor's degree,First major,Health professions and related clinical sciences.,'51',348,37,311,0,0,0,12,3,9,35,4,31,30,1,29,267,29,238,,,,,,,,,,3,0,3,1,0,12007-2008,228246,Southern Methodist University,Bachelor's degree,First major,Liberal arts and sciences- general studies and humanities.,'24',42,20,22,0,0,0,1,0,1,5,4,1,6,1,5,29,15,14,,,,,,,,,,0,0,0,1,0,12007-2008,217882,Clemson University,Bachelor's degree,First major,Natural resources and conservation.,'03',31,24,7,0,0,0,0,0,0,1,0,1,0,0,0,29,23,6,,,,,,,,,,1,1,0,0,0,02007-2008,228778,The University of Texas at Austin,Bachelor's degree,First major,English language and literature/letters.,'23',296,95,201,0,0,0,22,5,17,9,3,6,34,9,25,230,78,152,,,,,,,,,,1,0,1,0,0,02007-2008,186380,Rutgers University-New Brunswick,Bachelor's degree,First major,Philosophy and religious studies.,'38',67,46,21,0,0,0,13,10,3,5,1,4,9,7,2,34,22,12,,,,,,,,,,6,6,0,0,0,02007-2008,134097,Florida State University,Bachelor's degree,First major,Education.,'13',533,147,386,4,0,4,7,2,5,47,14,33,31,11,20,438,117,321,,,,,,,,,,3,1,2,3,2,12007-2008,135726,University of Miami,Bachelor's degree,First major,English language and literature/letters.,'23',66,17,49,0,0,0,3,1,2,4,1,3,21,6,15,33,8,25,,,,,,,,,,5,1,4,0,0,02007-2008,204796,Ohio State University-Main Campus,Bachelor's degree,First major,Transportation and materials moving.,'49',38,32,6,1,1,0,2,1,1,2,2,0,3,2,1,29,25,4,,,,,,,,,,0,0,0,1,1,02007-2008,204796,Ohio State University-Main Campus,Bachelor's degree,First major,Psychology.,'42',428,139,289,0,0,0,24,13,11,36,6,30,15,5,10,342,112,230,,,,,,,,,,9,2,7,2,1,12007-2008,230728,Utah State University,Bachelor's degree,First major,Business- management- marketing- and related support services.,'52',468,335,133,2,2,0,8,6,2,3,2,1,16,9,7,410,293,117,0,0,0,0,0,0,0,0,0,14,11,3,15,12,32007-2008,155399,Kansas State University,Bachelor's degree,First major,Social sciences.,'45',312,190,122,1,1,0,5,4,1,21,15,6,15,11,4,252,149,103,,,,,,,,,,13,8,5,5,2,32007-2008,218663,University of South Carolina-Columbia,Bachelor's degree,First major,Social sciences.,'45',401,221,180,0,0,0,9,6,3,50,22,28,10,5,5,285,164,121,,,,,,,,,,44,21,23,3,3,02007-2008,157289,University of Louisville,Bachelor's degree,First major,Social sciences.,'45',219,96,123,0,0,0,6,1,5,38,18,20,7,2,5,164,74,90,,,,,,,,,,3,1,2,1,0,12007-2008,207500,University of Oklahoma Norman Campus,Bachelor's degree,First major,Psychology.,'42',168,55,113,14,7,7,11,3,8,5,0,5,13,4,9,124,40,84,,,,,,,,,,0,0,0,1,1,02007-2008,100858,Auburn University,Bachelor's degree,First major,Engineering.,'14',498,432,66,5,5,0,12,8,4,29,22,7,7,6,1,430,379,51,,,,,,,,,,6,4,2,9,8,12007-2008,123961,University of Southern California,Bachelor's degree,First major,Parks- recreation- leisure- and fitness studies.,'31',30,16,14,0,0,0,6,2,4,2,0,2,7,6,1,12,7,5,,,,,,,,,,2,1,1,1,0,12007-2008,218663,University of South Carolina-Columbia,Bachelor's degree,First major,Computer and information sciences and support services.,'11',22,20,2,0,0,0,5,4,1,2,2,0,1,1,0,13,12,1,,,,,,,,,,1,1,0,0,0,02007-2008,131496,Georgetown University,Bachelor's degree,First major,English language and literature/letters.,'23',137,50,87,0,0,0,8,2,6,19,10,9,7,3,4,93,31,62,,,,,,,,,,7,4,3,3,0,32007-2008,221999,Vanderbilt University,Bachelor's degree,First major,Education.,'13',57,9,48,1,0,1,1,0,1,2,0,2,2,1,1,47,7,40,,,,,,,,,,4,1,3,0,0,02007-2008,209542,Oregon State University,Bachelor's degree,First major,Mathematics and statistics.,'27',26,18,8,0,0,0,1,0,1,0,0,0,0,0,0,21,14,7,,,,,,,,,,4,4,0,0,0,02007-2008,155399,Kansas State University,Bachelor's degree,First major,Liberal arts and sciences- general studies and humanities.,'24',7,4,3,1,1,0,1,0,1,1,1,0,1,1,0,3,1,2,,,,,,,,,,0,0,0,0,0,02007-2008,131496,Georgetown University,Bachelor's degree,First major,Liberal arts and sciences- general studies and humanities.,'24',16,6,10,0,0,0,0,0,0,3,1,2,2,1,1,8,3,5,,,,,,,,,,3,1,2,0,0,02007-2008,230728,Utah State University,Bachelor's degree,First major,Health professions and related clinical sciences.,'51',88,22,66,0,0,0,2,1,1,0,0,0,4,0,4,76,20,56,0,0,0,0,0,0,0,0,0,5,0,5,1,1,02007-2008,157289,University of Louisville,Bachelor's degree,First major,Communication- journalism- and related programs.,'09',161,58,103,1,0,1,3,2,1,20,8,12,1,0,1,132,46,86,,,,,,,,,,1,0,1,3,2,12007-2008,221999,Vanderbilt University,Bachelor's degree,First major,History,'54',62,45,17,1,0,1,2,2,0,0,0,0,3,2,1,49,37,12,,,,,,,,,,7,4,3,0,0,02007-2008,209551,University of Oregon,Bachelor's degree,First major,Business- management- marketing- and related support services.,'52',552,362,190,6,2,4,46,31,15,5,3,2,18,11,7,405,268,137,,,,,,,,,,22,15,7,50,32,182007-2008,218663,University of South Carolina-Columbia,Bachelor's degree,First major,Engineering.,'14',187,157,30,0,0,0,5,4,1,20,14,6,1,1,0,132,114,18,,,,,,,,,,26,21,5,3,3,02007-2008,170976,University of Michigan-Ann Arbor,Bachelor's degree,First major,Multi/interdisciplinary studies.,'30',166,68,98,0,0,0,29,11,18,2,1,1,8,5,3,120,48,72,,,,,,,,,,5,2,3,2,1,12007-2008,131496,Georgetown University,Bachelor's degree,First major,Psychology.,'42',86,25,61,0,0,0,8,3,5,9,3,6,3,0,3,60,19,41,,,,,,,,,,2,0,2,4,0,42007-2008,207500,University of Oklahoma Norman Campus,Bachelor's degree,First major,Physical sciences.,'40',112,74,38,4,4,0,6,2,4,4,3,1,1,0,1,89,61,28,,,,,,,,,,0,0,0,8,4,42007-2008,218663,University of South Carolina-Columbia,Bachelor's degree,First major,English language and literature/letters.,'23',120,39,81,0,0,0,4,1,3,17,3,14,0,0,0,88,32,56,,,,,,,,,,11,3,8,0,0,02007-2008,152080,University of Notre Dame,Bachelor's degree,First major,Education.,'13',2,1,1,0,0,0,0,0,0,0,0,0,1,0,1,1,1,0,,,,,,,,,,0,0,0,0,0,02007-2008,199120,University of North Carolina at Chapel Hill,Bachelor's degree,First major,Liberal arts and sciences- general studies and humanities.,'24',2,1,1,0,0,0,0,0,0,0,0,0,0,0,0,2,1,1,,,,,,,,,,0,0,0,0,0,02007-2008,131496,Georgetown University,Bachelor's degree,First major,Multi/interdisciplinary studies.,'30',67,26,41,1,1,0,7,3,4,0,0,0,4,0,4,47,20,27,,,,,,,,,,5,0,5,3,2,12007-2008,230728,Utah State University,Bachelor's degree,First major,Parks- recreation- leisure- and fitness studies.,'31',30,10,20,0,0,0,0,0,0,0,0,0,1,0,1,28,9,19,0,0,0,0,0,0,0,0,0,1,1,0,0,0,02007-2008,221999,Vanderbilt University,Bachelor's degree,First major,Psychology.,'42',76,13,63,0,0,0,7,0,7,12,2,10,5,1,4,45,9,36,,,,,,,,,,7,1,6,0,0,02007-2008,122755,San Jose State University,Bachelor's degree,First major,Social sciences.,'45',294,139,155,1,0,1,60,24,36,24,15,9,76,33,43,81,43,38,,,,,,,,,,46,20,26,6,4,22007-2008,157289,University of Louisville,Bachelor's degree,First major,English language and literature/letters.,'23',83,31,52,1,0,1,2,2,0,7,1,6,0,0,0,72,28,44,,,,,,,,,,1,0,1,0,0,02007-2008,122755,San Jose State University,Bachelor's degree,First major,Physical sciences.,'40',39,15,24,0,0,0,15,5,10,2,0,2,1,1,0,17,8,9,,,,,,,,,,3,0,3,1,1,02007-2008,228246,Southern Methodist University,Bachelor's degree,First major,Computer and information sciences and support services.,'11',14,12,2,0,0,0,1,0,1,1,0,1,2,2,0,10,10,0,,,,,,,,,,0,0,0,0,0,02007-2008,135726,University of Miami,Bachelor's degree,First major,Engineering.,'14',172,120,52,1,0,1,11,8,3,12,8,4,44,26,18,78,57,21,,,,,,,,,,8,7,1,18,14,42007-2008,139959,University of Georgia,Bachelor's degree,First major,Health professions and related clinical sciences.,'51',133,19,114,0,0,0,4,0,4,9,1,8,4,0,4,112,17,95,,,,,,,,,,3,1,2,1,0,12007-2008,123961,University of Southern California,Bachelor's degree,First major,English language and literature/letters.,'23',133,50,83,2,0,2,22,8,14,9,2,7,24,9,15,69,29,40,,,,,,,,,,5,1,4,2,1,12007-2008,230728,Utah State University,Bachelor's degree,First major,Psychology.,'42',83,31,52,1,0,1,0,0,0,1,0,1,1,0,1,76,29,47,0,0,0,0,0,0,0,0,0,4,2,2,0,0,02007-2008,221999,Vanderbilt University,Bachelor's degree,First major,Biological and biomedical sciences.,'26',54,30,24,0,0,0,7,4,3,3,1,2,4,2,2,32,18,14,,,,,,,,,,6,4,2,2,1,12007-2008,207500,University of Oklahoma Norman Campus,Bachelor's degree,First major,Biological and biomedical sciences.,'26',294,131,163,20,6,14,42,13,29,8,5,3,9,3,6,209,101,108,,,,,,,,,,0,0,0,6,3,32007-2008,243744,Stanford University,Bachelor's degree,First major,Computer and information sciences and support services.,'11',65,59,6,0,0,0,13,10,3,4,3,1,8,8,0,28,26,2,,,,,,,,,,5,5,0,7,7,02007-2008,157289,University of Louisville,Bachelor's degree,First major,Engineering.,'14',193,160,33,0,0,0,5,4,1,13,10,3,2,1,1,169,141,28,,,,,,,,,,0,0,0,4,4,02007-2008,123961,University of Southern California,Bachelor's degree,First major,Social sciences.,'45',593,273,320,5,2,3,98,43,55,51,18,33,100,40,60,268,129,139,,,,,,,,,,16,7,9,55,34,212007-2008,230728,Utah State University,Bachelor's degree,First major,Mathematics and statistics.,'27',21,11,10,0,0,0,2,1,1,0,0,0,0,0,0,19,10,9,0,0,0,0,0,0,0,0,0,0,0,0,0,0,02007-2008,221999,Vanderbilt University,Bachelor's degree,First major,Engineering.,'14',287,208,79,0,0,0,22,12,10,24,12,12,4,4,0,191,146,45,,,,,,,,,,19,17,2,27,17,102007-2008,181464,University of Nebraska-Lincoln,Bachelor's degree,First major,Engineering.,'14',337,295,42,0,0,0,19,18,1,3,3,0,5,5,0,273,235,38,,,,,,,,,,25,22,3,12,12,02007-2008,123961,University of Southern California,Bachelor's degree,First major,Communications technologies/technicians and support services.,'10',0,0,0,0,0,0,0,0,0,0,0,0,0,0,0,0,0,0,,,,,,,,,,0,0,0,0,0,02007-2008,209551,University of Oregon,Bachelor's degree,First major,Philosophy and religious studies.,'38',57,27,30,0,0,0,2,1,1,0,0,0,5,3,2,44,18,26,,,,,,,,,,6,5,1,0,0,02007-2008,230728,Utah State University,Bachelor's degree,First major,Mechanic and repair technologies/technicians.,'47',15,14,1,0,0,0,0,0,0,0,0,0,0,0,0,13,12,1,0,0,0,0,0,0,0,0,0,0,0,0,2,2,02007-2008,152080,University of Notre Dame,Bachelor's degree,First major,Liberal arts and sciences- general studies and humanities.,'24',29,15,14,0,0,0,2,1,1,0,0,0,3,1,2,24,13,11,,,,,,,,,,0,0,0,0,0,02007-2008,122755,San Jose State University,Bachelor's degree,First major,Parks- recreation- leisure- and fitness studies.,'31',126,69,57,0,0,0,29,20,9,6,2,4,23,18,5,45,16,29,,,,,,,,,,19,11,8,4,2,22007-2008,199120,University of North Carolina at Chapel Hill,Bachelor's degree,First major,Multi/interdisciplinary studies.,'30',34,26,8,0,0,0,1,1,0,1,1,0,0,0,0,31,23,8,,,,,,,,,,1,1,0,0,0,02007-2008,139959,University of Georgia,Bachelor's degree,First major,Philosophy and religious studies.,'38',66,46,20,0,0,0,2,0,2,0,0,0,1,1,0,58,42,16,,,,,,,,,,5,3,2,0,0,02007-2008,230728,Utah State University,Bachelor's degree,First major,Education.,'13',453,92,361,0,0,0,4,0,4,2,2,0,5,1,4,432,87,345,0,0,0,0,0,0,0,0,0,8,2,6,2,0,22007-2008,243744,Stanford University,Bachelor's degree,First major,Engineering.,'14',217,151,66,2,2,0,69,44,25,18,12,6,16,9,7,82,62,20,,,,,,,,,,10,7,3,20,15,52007-2008,204796,Ohio State University-Main Campus,Bachelor's degree,First major,Health professions and related clinical sciences.,'51',708,142,566,3,1,2,42,14,28,58,12,46,12,3,9,570,108,462,,,,,,,,,,13,4,9,10,0,102007-2008,181464,University of Nebraska-Lincoln,Bachelor's degree,First major,Family and consumer sciences/human sciences.,'19',248,40,208,4,0,4,6,1,5,5,1,4,3,1,2,218,32,186,,,,,,,,,,9,3,6,3,2,12007-2008,147767,Northwestern University,Bachelor's degree,First major,Liberal arts and sciences- general studies and humanities.,'24',4,1,3,0,0,0,0,0,0,0,0,0,0,0,0,2,1,1,,,,,,,,,,1,0,1,1,0,12007-2008,170976,University of Michigan-Ann Arbor,Bachelor's degree,First major,History,'54',203,109,94,1,0,1,16,12,4,4,0,4,12,7,5,159,84,75,,,,,,,,,,11,6,5,0,0,02007-2008,134097,Florida State University,Bachelor's degree,First major,English language and literature/letters.,'23',417,144,273,3,0,3,7,2,5,53,12,41,44,15,29,306,112,194,,,,,,,,,,4,3,1,0,0,02007-2008,155399,Kansas State University,Bachelor's degree,First major,Mathematics and statistics.,'27',16,8,8,0,0,0,0,0,0,2,2,0,0,0,0,9,3,6,,,,,,,,,,5,3,2,0,0,02007-2008,122755,San Jose State University,Bachelor's degree,First major,Foreign languages- literatures- and linguistics.,'16',36,17,19,0,0,0,8,5,3,0,0,0,11,4,7,11,5,6,,,,,,,,,,4,2,2,2,1,12007-2008,209551,University of Oregon,Bachelor's degree,First major,Psychology.,'42',275,69,206,2,0,2,12,2,10,4,1,3,12,5,7,212,52,160,,,,,,,,,,21,7,14,12,2,102007-2008,228778,The University of Texas at Austin,Bachelor's degree,First major,Area- ethnic- cultural- and gender studies.,'05',123,50,73,0,0,0,23,12,11,5,2,3,29,11,18,65,25,40,,,,,,,,,,0,0,0,1,0,12007-2008,139959,University of Georgia,Bachelor's degree,First major,Physical sciences.,'40',44,26,18,0,0,0,5,2,3,2,1,1,1,1,0,36,22,14,,,,,,,,,,0,0,0,0,0,02007-2008,147767,Northwestern University,Bachelor's degree,First major,Physical sciences.,'40',44,23,21,1,1,0,15,6,9,4,3,1,0,0,0,20,10,10,,,,,,,,,,3,3,0,1,0,12007-2008,217882,Clemson University,Bachelor's degree,First major,Health professions and related clinical sciences.,'51',253,36,217,0,0,0,9,2,7,24,3,21,4,1,3,202,28,174,,,,,,,,,,13,2,11,1,0,12007-2008,142115,Boise State University,Bachelor's degree,First major,Area- ethnic- cultural- and gender studies.,'05',1,0,1,0,0,0,0,0,0,0,0,0,0,0,0,1,0,1,,,,,,,,,,0,0,0,0,0,02007-2008,209542,Oregon State University,Bachelor's degree,First major,Physical sciences.,'40',50,32,18,0,0,0,3,2,1,0,0,0,0,0,0,44,28,16,,,,,,,,,,1,1,0,2,1,12007-2008,122755,San Jose State University,Bachelor's degree,First major,Security and protective services.,'43',215,104,111,1,0,1,50,26,24,9,6,3,83,33,50,57,31,26,,,,,,,,,,15,8,7,0,0,02007-2008,230728,Utah State University,Bachelor's degree,First major,Transportation and materials moving.,'49',21,21,0,0,0,0,1,1,0,0,0,0,0,0,0,19,19,0,0,0,0,0,0,0,0,0,0,0,0,0,1,1,02007-2008,207500,University of Oklahoma Norman Campus,Bachelor's degree,First major,Philosophy and religious studies.,'38',43,30,13,0,0,0,1,0,1,1,0,1,2,2,0,39,28,11,,,,,,,,,,0,0,0,0,0,02007-2008,198419,Duke University,Bachelor's degree,First major,Social sciences.,'45',462,280,182,0,0,0,59,27,32,43,17,26,28,19,9,277,192,85,,,,,,,,,,41,17,24,14,8,62007-2008,228778,The University of Texas at Austin,Bachelor's degree,First major,Psychology.,'42',361,73,288,1,0,1,51,9,42,23,3,20,60,15,45,212,43,169,,,,,,,,,,3,2,1,11,1,102007-2008,139959,University of Georgia,Bachelor's degree,First major,Parks- recreation- leisure- and fitness studies.,'31',56,35,21,0,0,0,2,0,2,4,2,2,1,0,1,47,33,14,,,,,,,,,,1,0,1,1,0,12007-2008,142115,Boise State University,Bachelor's degree,First major,Parks- recreation- leisure- and fitness studies.,'31',28,5,23,0,0,0,2,0,2,0,0,0,2,0,2,23,4,19,,,,,,,,,,1,1,0,0,0,02007-2008,228778,The University of Texas at Austin,Bachelor's degree,First major,Mathematics and statistics.,'27',154,103,51,0,0,0,28,20,8,5,5,0,23,15,8,86,56,30,,,,,,,,,,0,0,0,12,7,52007-2008,157289,University of Louisville,Bachelor's degree,First major,Visual and performing arts.,'50',105,32,73,0,0,0,1,0,1,10,2,8,3,1,2,87,29,58,,,,,,,,,,3,0,3,1,0,12007-2008,134130,University of Florida,Bachelor's degree,First major,Psychology.,'42',419,112,307,3,0,3,33,11,22,35,10,25,60,14,46,282,75,207,,,,,,,,,,4,1,3,2,1,12007-2008,157289,University of Louisville,Bachelor's degree,First major,Education.,'13',93,32,61,0,0,0,0,0,0,17,5,12,4,4,0,72,23,49,,,,,,,,,,0,0,0,0,0,02007-2008,228778,The University of Texas at Austin,Bachelor's degree,First major,Multi/interdisciplinary studies.,'30',285,34,251,1,0,1,23,2,21,23,13,10,64,5,59,167,11,156,,,,,,,,,,3,2,1,4,1,32007-2008,228723,Texas A & M University-College Station,Bachelor's degree,First major,History,'54',190,103,87,0,0,0,3,2,1,3,0,3,18,13,5,166,88,78,,,,,,,,,,0,0,0,0,0,02007-2008,218663,University of South Carolina-Columbia,Bachelor's degree,First major,Communication- journalism- and related programs.,'09',336,84,252,0,0,0,5,1,4,35,8,27,7,0,7,250,66,184,,,,,,,,,,39,9,30,0,0,02007-2008,218663,University of South Carolina-Columbia,Bachelor's degree,First major,Area- ethnic- cultural- and gender studies.,'05',9,2,7,0,0,0,0,0,0,5,1,4,1,1,0,2,0,2,,,,,,,,,,1,0,1,0,0,02007-2008,100751,The University of Alabama,Bachelor's degree,First major,Security and protective services.,'43',80,47,33,0,0,0,0,0,0,14,7,7,1,1,0,65,39,26,0,0,0,0,0,0,0,0,0,0,0,0,0,0,02007-2008,142115,Boise State University,Bachelor's degree,First major,Social sciences.,'45',122,61,61,1,1,0,1,0,1,1,1,0,9,4,5,100,50,50,,,,,,,,,,10,5,5,0,0,02007-2008,155399,Kansas State University,Bachelor's degree,First major,Mechanic and repair technologies/technicians.,'47',12,12,0,0,0,0,0,0,0,0,0,0,0,0,0,9,9,0,,,,,,,,,,1,1,0,2,2,02007-2008,230728,Utah State University,Bachelor's degree,First major,Visual and performing arts.,'50',132,38,94,0,0,0,3,2,1,0,0,0,6,1,5,117,32,85,0,0,0,0,0,0,0,0,0,3,0,3,3,3,02007-2008,131496,Georgetown University,Bachelor's degree,First major,Social sciences.,'45',604,282,322,1,0,1,53,22,31,30,13,17,48,27,21,393,187,206,,,,,,,,,,21,12,9,58,21,372007-2008,207388,Oklahoma State University-Main Campus,Bachelor's degree,First major,Philosophy and religious studies.,'38',9,4,5,0,0,0,0,0,0,0,0,0,0,0,0,9,4,5,,,,,,,,,,0,0,0,0,0,02007-2008,209551,University of Oregon,Bachelor's degree,First major,Physical sciences.,'40',49,37,12,0,0,0,1,1,0,0,0,0,1,0,1,37,29,8,,,,,,,,,,8,6,2,2,1,12007-2008,139959,University of Georgia,Bachelor's degree,First major,Computer and information sciences and support services.,'11',31,29,2,0,0,0,0,0,0,2,1,1,0,0,0,29,28,1,,,,,,,,,,0,0,0,0,0,02007-2008,243744,Stanford University,Bachelor's degree,First major,Foreign languages- literatures- and linguistics.,'16',40,15,25,0,0,0,7,1,6,2,1,1,4,3,1,24,9,15,,,,,,,,,,2,1,1,1,0,12007-2008,100751,The University of Alabama,Bachelor's degree,First major,Computer and information sciences and support services.,'11',13,10,3,0,0,0,0,0,0,2,1,1,0,0,0,10,8,2,0,0,0,0,0,0,0,0,0,0,0,0,1,1,02007-2008,204796,Ohio State University-Main Campus,Bachelor's degree,First major,Physical sciences.,'40',97,70,27,0,0,0,4,0,4,4,4,0,0,0,0,84,64,20,,,,,,,,,,4,2,2,1,0,12007-2008,131496,Georgetown University,Bachelor's degree,First major,Philosophy and religious studies.,'38',30,17,13,0,0,0,2,1,1,4,1,3,1,0,1,20,13,7,,,,,,,,,,2,2,0,1,0,12007-2008,135726,University of Miami,Bachelor's degree,First major,Foreign languages- literatures- and linguistics.,'16',15,4,11,0,0,0,2,1,1,0,0,0,4,0,4,9,3,6,,,,,,,,,,0,0,0,0,0,02007-2008,157289,University of Louisville,Bachelor's degree,First major,Parks- recreation- leisure- and fitness studies.,'31',160,78,82,1,1,0,0,0,0,21,11,10,4,2,2,128,62,66,,,,,,,,,,1,1,0,5,1,42007-2008,230728,Utah State University,Bachelor's degree,First major,Legal professions and studies.,'22',19,15,4,0,0,0,0,0,0,0,0,0,0,0,0,18,14,4,0,0,0,0,0,0,0,0,0,0,0,0,1,1,02007-2008,139959,University of Georgia,Bachelor's degree,First major,Architecture and related services.,'04',73,51,22,1,0,1,1,0,1,1,1,0,0,0,0,66,48,18,,,,,,,,,,3,1,2,1,1,02007-2008,186380,Rutgers University-New Brunswick,Bachelor's degree,First major,Social sciences.,'45',898,523,375,0,0,0,200,110,90,85,43,42,74,35,39,485,300,185,,,,,,,,,,36,26,10,18,9,92007-2008,209542,Oregon State University,Bachelor's degree,First major,Parks- recreation- leisure- and fitness studies.,'31',153,82,71,6,2,4,9,4,5,1,0,1,8,7,1,118,64,54,,,,,,,,,,8,3,5,3,2,12007-2008,155399,Kansas State University,Bachelor's degree,First major,Visual and performing arts.,'50',120,42,78,1,0,1,6,1,5,2,1,1,4,2,2,101,33,68,,,,,,,,,,6,5,1,0,0,02007-2008,209551,University of Oregon,Bachelor's degree,First major,Liberal arts and sciences- general studies and humanities.,'24',14,1,13,0,0,0,0,0,0,0,0,0,0,0,0,10,0,10,,,,,,,,,,4,1,3,0,0,02007-2008,134130,University of Florida,Bachelor's degree,First major,Engineering technologies/technicians.,'15',138,121,17,0,0,0,0,0,0,3,2,1,10,7,3,123,110,13,,,,,,,,,,2,2,0,0,0,02007-2008,135726,University of Miami,Bachelor's degree,First major,Multi/interdisciplinary studies.,'30',47,18,29,0,0,0,11,8,3,1,1,0,11,3,8,21,6,15,,,,,,,,,,2,0,2,1,0,12007-2008,134097,Florida State University,Bachelor's degree,First major,Physical sciences.,'40',98,68,30,0,0,0,3,2,1,8,5,3,14,8,6,70,50,20,,,,,,,,,,3,3,0,0,0,02007-2008,207500,University of Oklahoma Norman Campus,Bachelor's degree,First major,Social sciences.,'45',419,242,177,33,18,15,12,5,7,31,15,16,14,6,8,322,193,129,,,,,,,,,,0,0,0,7,5,22007-2008,204796,Ohio State University-Main Campus,Bachelor's degree,First major,Public administration and social service professions.,'44',75,14,61,1,0,1,1,0,1,11,2,9,1,0,1,60,11,49,,,,,,,,,,1,1,0,0,0,02007-2008,134130,University of Florida,Bachelor's degree,First major,Social sciences.,'45',1192,608,584,6,3,3,76,36,40,98,37,61,186,89,97,791,424,367,,,,,,,,,,28,17,11,7,2,52007-2008,228778,The University of Texas at Austin,Bachelor's degree,First major,Social sciences.,'45',1134,623,511,5,4,1,149,84,65,32,17,15,199,102,97,711,397,314,,,,,,,,,,1,1,0,37,18,192007-2008,159391,Louisiana State University and Agricultural & Mechanical College,Bachelor's degree,First major,Family and consumer sciences/human sciences.,'19',25,0,25,0,0,0,0,0,0,1,0,1,1,0,1,23,0,23,,,,,,,,,,0,0,0,0,0,02007-2008,228723,Texas A & M University-College Station,Bachelor's degree,First major,Biological and biomedical sciences.,'26',751,296,455,4,0,4,73,26,47,16,4,12,91,41,50,559,223,336,,,,,,,,,,2,1,1,6,1,52007-2008,142115,Boise State University,Bachelor's degree,First major,Physical sciences.,'40',12,7,5,0,0,0,0,0,0,0,0,0,0,0,0,10,5,5,,,,,,,,,,1,1,0,1,1,02007-2008,152080,University of Notre Dame,Bachelor's degree,First major,History,'54',84,52,32,0,0,0,1,0,1,2,1,1,3,1,2,76,49,27,,,,,,,,,,0,0,0,2,1,12007-2008,209551,University of Oregon,Bachelor's degree,First major,Computer and information sciences and support services.,'11',22,22,0,1,1,0,3,3,0,0,0,0,0,0,0,14,14,0,,,,,,,,,,1,1,0,3,3,02007-2008,199120,University of North Carolina at Chapel Hill,Bachelor's degree,First major,Family and consumer sciences/human sciences.,'19',17,1,16,0,0,0,6,0,6,0,0,0,0,0,0,10,1,9,,,,,,,,,,1,0,1,0,0,02007-2008,123961,University of Southern California,Bachelor's degree,First major,Legal professions and studies.,'22',0,0,0,0,0,0,0,0,0,0,0,0,0,0,0,0,0,0,,,,,,,,,,0,0,0,0,0,02007-2008,204796,Ohio State University-Main Campus,Bachelor's degree,First major,Mathematics and statistics.,'27',55,40,15,0,0,0,3,3,0,2,2,0,2,2,0,46,31,15,,,,,,,,,,2,2,0,0,0,02007-2008,217882,Clemson University,Bachelor's degree,First major,Physical sciences.,'40',32,25,7,0,0,0,2,1,1,2,0,2,0,0,0,25,21,4,,,,,,,,,,3,3,0,0,0,02007-2008,131496,Georgetown University,Bachelor's degree,First major,Health professions and related clinical sciences.,'51',130,15,115,1,0,1,9,2,7,7,1,6,6,2,4,87,7,80,,,,,,,,,,17,3,14,3,0,32007-2008,100751,The University of Alabama,Bachelor's degree,First major,History,'54',79,55,24,2,1,1,0,0,0,7,4,3,0,0,0,70,50,20,0,0,0,0,0,0,0,0,0,0,0,0,0,0,02007-2008,204796,Ohio State University-Main Campus,Bachelor's degree,First major,Liberal arts and sciences- general studies and humanities.,'24',29,13,16,0,0,0,0,0,0,0,0,0,2,0,2,26,12,14,,,,,,,,,,1,1,0,0,0,02007-2008,100751,The University of Alabama,Bachelor's degree,First major,Mathematics and statistics.,'27',4,2,2,0,0,0,1,0,1,0,0,0,0,0,0,3,2,1,0,0,0,0,0,0,0,0,0,0,0,0,0,0,02007-2008,230728,Utah State University,Bachelor's degree,First major,English language and literature/letters.,'23',106,39,67,0,0,0,0,0,0,0,0,0,2,1,1,99,34,65,0,0,0,0,0,0,0,0,0,4,3,1,1,1,02007-2008,209542,Oregon State University,Bachelor's degree,First major,Liberal arts and sciences- general studies and humanities.,'24',137,47,90,2,1,1,4,3,1,0,0,0,10,0,10,109,37,72,,,,,,,,,,12,6,6,0,0,02007-2008,221999,Vanderbilt University,Bachelor's degree,First major,Public administration and social service professions.,'44',17,7,10,0,0,0,0,0,0,0,0,0,1,0,1,16,7,9,,,,,,,,,,0,0,0,0,0,02007-2008,199120,University of North Carolina at Chapel Hill,Bachelor's degree,First major,Foreign languages- literatures- and linguistics.,'16',117,30,87,1,0,1,4,1,3,9,2,7,6,2,4,92,25,67,,,,,,,,,,5,0,5,0,0,02007-2008,122755,San Jose State University,Bachelor's degree,First major,Computer and information sciences and support services.,'11',119,103,16,0,0,0,59,48,11,0,0,0,4,4,0,24,22,2,,,,,,,,,,14,14,0,18,15,32007-2008,170976,University of Michigan-Ann Arbor,Bachelor's degree,First major,Education.,'13',123,33,90,1,0,1,6,1,5,6,1,5,4,1,3,100,26,74,,,,,,,,,,6,4,2,0,0,02007-2008,204796,Ohio State University-Main Campus,Bachelor's degree,First major,English language and literature/letters.,'23',290,134,156,0,0,0,11,6,5,17,8,9,10,5,5,238,108,130,,,,,,,,,,14,7,7,0,0,02007-2008,230728,Utah State University,Bachelor's degree,First major,Natural resources and conservation.,'03',14,11,3,1,0,1,0,0,0,0,0,0,0,0,0,12,10,2,0,0,0,0,0,0,0,0,0,1,1,0,0,0,02007-2008,207388,Oklahoma State University-Main Campus,Bachelor's degree,First major,Business- management- marketing- and related support services.,'52',1119,629,490,94,46,48,33,18,15,38,23,15,33,20,13,844,488,356,,,,,,,,,,0,0,0,77,34,432007-2008,181464,University of Nebraska-Lincoln,Bachelor's degree,First major,Health professions and related clinical sciences.,'51',52,12,40,0,0,0,0,0,0,1,1,0,1,0,1,47,11,36,,,,,,,,,,3,0,3,0,0,02007-2008,209542,Oregon State University,Bachelor's degree,First major,Psychology.,'42',113,34,79,3,1,2,5,0,5,1,1,0,6,4,2,92,27,65,,,,,,,,,,4,1,3,2,0,22007-2008,157289,University of Louisville,Bachelor's degree,First major,Physical sciences.,'40',32,21,11,0,0,0,2,2,0,3,0,3,1,1,0,26,18,8,,,,,,,,,,0,0,0,0,0,02007-2008,142115,Boise State University,Bachelor's degree,First major,Education.,'13',195,55,140,1,0,1,4,1,3,2,0,2,12,2,10,165,49,116,,,,,,,,,,9,3,6,2,0,22007-2008,159391,Louisiana State University and Agricultural & Mechanical College,Bachelor's degree,First major,Computer and information sciences and support services.,'11',28,24,4,0,0,0,0,0,0,1,1,0,0,0,0,25,21,4,,,,,,,,,,0,0,0,2,2,02007-2008,228246,Southern Methodist University,Bachelor's degree,First major,Philosophy and religious studies.,'38',12,7,5,0,0,0,0,0,0,0,0,0,1,0,1,11,7,4,,,,,,,,,,0,0,0,0,0,02007-2008,142115,Boise State University,Bachelor's degree,First major,Mathematics and statistics.,'27',6,5,1,0,0,0,0,0,0,0,0,0,2,2,0,3,3,0,,,,,,,,,,1,0,1,0,0,02007-2008,139959,University of Georgia,Bachelor's degree,First major,Area- ethnic- cultural- and gender studies.,'05',17,4,13,0,0,0,1,0,1,4,2,2,1,0,1,11,2,9,,,,,,,,,,0,0,0,0,0,02007-2008,170976,University of Michigan-Ann Arbor,Bachelor's degree,First major,Psychology.,'42',700,172,528,4,1,3,111,28,83,59,20,39,27,13,14,448,98,350,,,,,,,,,,32,9,23,19,3,162007-2008,159391,Louisiana State University and Agricultural & Mechanical College,Bachelor's degree,First major,Architecture and related services.,'04',102,50,52,0,0,0,2,1,1,6,3,3,0,0,0,89,46,43,,,,,,,,,,3,0,3,2,0,22007-2008,230728,Utah State University,Bachelor's degree,First major,Communication- journalism- and related programs.,'09',90,33,57,0,0,0,1,1,0,0,0,0,1,0,1,84,31,53,0,0,0,0,0,0,0,0,0,3,0,3,1,1,02007-2008,218663,University of South Carolina-Columbia,Bachelor's degree,First major,Visual and performing arts.,'50',256,147,109,0,0,0,2,0,2,30,18,12,1,1,0,188,106,82,,,,,,,,,,35,22,13,0,0,02007-2008,217882,Clemson University,Bachelor's degree,First major,Agriculture- agriculture operations- and related sciences.,'01',157,99,58,0,0,0,0,0,0,2,2,0,3,1,2,136,86,50,,,,,,,,,,16,10,6,0,0,02007-2008,230728,Utah State University,Bachelor's degree,First major,Family and consumer sciences/human sciences.,'19',141,14,127,0,0,0,0,0,0,0,0,0,5,1,4,135,13,122,0,0,0,0,0,0,0,0,0,1,0,1,0,0,02007-2008,142115,Boise State University,Bachelor's degree,First major,Foreign languages- literatures- and linguistics.,'16',32,12,20,1,1,0,0,0,0,0,0,0,6,0,6,21,9,12,,,,,,,,,,3,2,1,1,0,12007-2008,186380,Rutgers University-New Brunswick,Bachelor's degree,First major,Biological and biomedical sciences.,'26',600,249,351,1,1,0,259,109,150,51,15,36,34,11,23,202,92,110,,,,,,,,,,30,13,17,23,8,152007-2008,155399,Kansas State University,Bachelor's degree,First major,Parks- recreation- leisure- and fitness studies.,'31',142,68,74,0,0,0,0,0,0,2,0,2,4,3,1,131,63,68,,,,,,,,,,5,2,3,0,0,02007-2008,228246,Southern Methodist University,Bachelor's degree,First major,Engineering technologies/technicians.,'15',0,0,0,0,0,0,0,0,0,0,0,0,0,0,0,0,0,0,,,,,,,,,,0,0,0,0,0,02007-2008,123961,University of Southern California,Bachelor's degree,First major,Business- management- marketing- and related support services.,'52',1213,678,535,6,3,3,308,146,162,43,22,21,119,76,43,504,314,190,,,,,,,,,,14,12,2,219,105,1142007-2008,228778,The University of Texas at Austin,Bachelor's degree,First major,Liberal arts and sciences- general studies and humanities.,'24',167,82,85,0,0,0,41,15,26,2,2,0,5,3,2,117,60,57,,,,,,,,,,2,2,0,0,0,02007-2008,157289,University of Louisville,Bachelor's degree,First major,Psychology.,'42',182,41,141,1,0,1,6,0,6,29,5,24,4,1,3,139,34,105,,,,,,,,,,2,1,1,1,0,12007-2008,131496,Georgetown University,Bachelor's degree,First major,Computer and information sciences and support services.,'11',15,13,2,0,0,0,0,0,0,3,3,0,1,1,0,10,8,2,,,,,,,,,,0,0,0,1,1,02007-2008,181464,University of Nebraska-Lincoln,Bachelor's degree,First major,Multi/interdisciplinary studies.,'30',3,3,0,0,0,0,0,0,0,0,0,0,0,0,0,2,2,0,,,,,,,,,,1,1,0,0,0,02007-2008,218663,University of South Carolina-Columbia,Bachelor's degree,First major,History,'54',117,88,29,0,0,0,1,0,1,9,5,4,0,0,0,89,69,20,,,,,,,,,,17,14,3,1,0,12007-2008,218663,University of South Carolina-Columbia,Bachelor's degree,First major,Parks- recreation- leisure- and fitness studies.,'31',211,97,114,0,0,0,3,2,1,36,12,24,2,0,2,148,70,78,,,,,,,,,,20,13,7,2,0,22007-2008,159391,Louisiana State University and Agricultural & Mechanical College,Bachelor's degree,First major,Communication- journalism- and related programs.,'09',253,63,190,1,0,1,1,0,1,23,7,16,3,0,3,218,55,163,,,,,,,,,,4,0,4,3,1,22007-2008,207388,Oklahoma State University-Main Campus,Bachelor's degree,First major,Mathematics and statistics.,'27',20,11,9,1,0,1,1,0,1,0,0,0,1,1,0,16,9,7,,,,,,,,,,0,0,0,1,1,02007-2008,147767,Northwestern University,Bachelor's degree,First major,Area- ethnic- cultural- and gender studies.,'05',15,3,12,0,0,0,1,0,1,6,1,5,0,0,0,8,2,6,,,,,,,,,,0,0,0,0,0,02007-2008,170976,University of Michigan-Ann Arbor,Bachelor's degree,First major,Architecture and related services.,'04',90,47,43,2,1,1,14,5,9,6,4,2,6,3,3,51,27,24,,,,,,,,,,5,4,1,6,3,32007-2008,139959,University of Georgia,Bachelor's degree,First major,Foreign languages- literatures- and linguistics.,'16',252,73,179,2,1,1,11,3,8,12,0,12,13,3,10,204,65,139,,,,,,,,,,9,1,8,1,0,12007-2008,228778,The University of Texas at Austin,Bachelor's degree,First major,History,'54',251,135,116,1,1,0,11,4,7,10,3,7,28,14,14,197,112,85,,,,,,,,,,3,0,3,1,1,02007-2008,135726,University of Miami,Bachelor's degree,First major,Education.,'13',37,4,33,0,0,0,1,0,1,2,0,2,8,2,6,24,2,22,,,,,,,,,,0,0,0,2,0,22007-2008,230728,Utah State University,Bachelor's degree,First major,Foreign languages- literatures- and linguistics.,'16',34,19,15,0,0,0,0,0,0,0,0,0,3,0,3,30,19,11,0,0,0,0,0,0,0,0,0,0,0,0,1,0,12007-2008,243744,Stanford University,Bachelor's degree,First major,Engineering technologies/technicians.,'15',54,43,11,1,0,1,12,10,2,7,5,2,10,9,1,17,14,3,,,,,,,,,,2,2,0,5,3,22007-2008,230728,Utah State University,Bachelor's degree,First major,Architecture and related services.,'04',29,23,6,0,0,0,1,1,0,0,0,0,1,1,0,25,19,6,0,0,0,0,0,0,0,0,0,1,1,0,1,1,02007-2008,230728,Utah State University,Bachelor's degree,First major,Biological and biomedical sciences.,'26',95,66,29,0,0,0,1,0,1,0,0,0,0,0,0,84,60,24,0,0,0,0,0,0,0,0,0,6,4,2,4,2,22007-2008,134130,University of Florida,Bachelor's degree,First major,Parks- recreation- leisure- and fitness studies.,'31',412,168,244,1,0,1,19,12,7,54,20,34,35,15,20,295,119,176,,,,,,,,,,5,2,3,3,0,32007-2008,207388,Oklahoma State University-Main Campus,Bachelor's degree,First major,English language and literature/letters.,'23',66,22,44,8,3,5,2,1,1,2,0,2,0,0,0,53,18,35,,,,,,,,,,0,0,0,1,0,12007-2008,152080,University of Notre Dame,Bachelor's degree,First major,Computer and information sciences and support services.,'11',22,19,3,0,0,0,2,1,1,1,0,1,1,1,0,17,16,1,,,,,,,,,,0,0,0,1,1,02007-2008,209542,Oregon State University,Bachelor's degree,First major,Computer and information sciences and support services.,'11',67,65,2,0,0,0,5,5,0,0,0,0,7,6,1,48,47,1,,,,,,,,,,5,5,0,2,2,0